Li mechanism
46
2O+M<=>O2+M,[39.32626814 -1.          0.        ]
O+H+M<=>OH+M,[43.68936676 -1.          0.        ]
O+H2<=>H+OH,[1.05635949e+01 2.70000000e+00 3.15047811e+03]
O+HO2<=>OH+O2,[30.38340713  0.          0.        ]
O+H2O2<=>OH+HO2,[1.60803938e+01 2.00000000e+00 2.01308505e+03]
H+O2(+M)<=>HO2(+M),[29.31240753  0.44        0.        ]
H+O2<=>O+OH,[ 3.78897326e+01 -6.70700000e-01  8.57624560e+03]
2H+M<=>H2+M,[42.05357616 -1.          0.        ]
2H+H2<=>2H2,[39.64532775 -0.6         0.        ]
2H+H2O<=>H2+H2O,[46.14792072 -1.25        0.        ]
2H+CO2<=>H2+CO2,[48.36324669 -2.          0.        ]
H+OH+M<=>H2O+M,[51.77496011 -2.          0.        ]
H+HO2<=>O+H2O,[ 30.1083995    0.         337.69501761]
H+HO2<=>O2+H2,[  15.13406127    2.12       -589.83392048]
OH+HO2<=>O2+H2O,[  31.49700018    0.         -250.12581782]
H+HO2<=>2OH,[ 32.05334961   0.         319.57725214]
H+H2O2<=>HO2+H2,[1.63087160e+01 2.00000000e+00 2.61701057e+03]
OH+H2O2<=>HO2+H2O,[ 28.18490623   0.         160.0402617 ]
OH+H2O2<=>HO2+H2O,[ 28.18490623   0.         160.0402617 ]
H+H2O2<=>OH+H2O,[  29.24045903    0.         1811.77654756]
OH+H2<=>H+H2O,[1.91007427e+01 1.51000000e+00 1.72622043e+03]
2OH(+M)<=>H2O2(+M),[ 2.35523530e+01  8.69000000e-01 -1.10266734e+03]
2OH<=>O+H2O,[   10.712861       2.4        -1061.90236537]
OH+HO2<=>O2+H2O,[  31.49700018    0.         -250.12581782]
OH+H2O2<=>HO2+H2O,[ 28.18490623   0.         160.0402617 ]
OH+H2O2<=>HO2+H2O,[ 28.18490623   0.         160.0402617 ]
OH+H2O2<=>HO2+H2O,[ 28.18490623   0.         160.0402617 ]
OH+H2O2<=>HO2+H2O,[ 28.18490623   0.         160.0402617 ]
2HO2<=>O2+H2O2,[  26.28394747    0.         -820.33215903]
2HO2<=>O2+H2O2,[  26.28394747    0.         -820.33215903]
2HO2<=>O2+H2O2,[  26.28394747    0.         -820.33215903]
2HO2<=>O2+H2O2,[  26.28394747    0.         -820.33215903]
O+OH+M<=>HO2+M,[34.53877639  0.          0.        ]
CO+O(+M)<=>CO2(+M),[  22.91826572    0.         1199.79869149]
CO+OH<=>CO2+H,[  11.45275074    2.053      -179.1645697 ]
CO+OH<=>CO2+H,[  11.45275074    2.053      -179.1645697 ]
CO+OH<=>CO2+H,[  11.45275074    2.053      -179.1645697 ]
CO+OH<=>CO2+H,[  11.45275074    2.053      -179.1645697 ]
CO+O2<=>CO2+O,[   27.74345655     0.         24006.03925516]
CO+HO2<=>CO2+OH,[1.19640011e+01 2.18000000e+00 9.03019628e+03]
HCO+H<=>CO+H2,[33.02918382  0.          0.        ]
HCO+O<=>CO+OH,[31.0322185  0.         0.       ]
HCO+O<=>CO2+H,[31.0322185  0.         0.       ]
HCO+OH<=>CO+H2O,[31.03886304  0.          0.        ]
HCO+O2<=>CO+HO2,[  23.21150028    0.807      -365.87820835]
HCO+M<=>CO+H+M,[ 3.97698850e+01 -1.00000000e+00  8.55561147e+03]
