FFCM1.0 mechanism
62
H+O2<=>O+OH,[  32.22016354    0.         7705.08303976]
O+H2<=>H+OH,[  28.97857465    0.         4001.00654253]
O+H2<=>H+OH,[  28.97857465    0.         4001.00654253]
O+H2<=>H+OH,[  28.97857465    0.         4001.00654253]
O+H2<=>H+OH,[  28.97857465    0.         4001.00654253]
OH+H2<=>H+H2O,[1.92342741e+01 1.51000000e+00 1.72974333e+03]
2OH<=>O+H2O,[  10.36122881    2.42       -970.30699547]
H2+M<=>2H+M,[ 4.52708158e+01 -1.40000000e+00  5.25364872e+04]
H2+AR<=>2H+AR,[ 4.30905642e+01 -1.10000000e+00  5.25364872e+04]
H2+HE<=>2H+HE,[ 4.32112625e+01 -1.10000000e+00  5.25364872e+04]
H2+CO2<=>2H+CO2,[ 4.59386451e+01 -1.40000000e+00  5.25364872e+04]
H2+H2O<=>2H+H2O,[ 4.77573586e+01 -1.40000000e+00  5.25364872e+04]
2O+M<=>O2+M,[36.35685317 -0.5         0.        ]
2O+AR<=>O2+AR,[  30.57018304    0.         -899.84901862]
2O+HE<=>O2+HE,[  30.57018304    0.         -899.84901862]
O+H+M<=>OH+M,[42.99621958 -1.          0.        ]
H2O+M<=>H+OH+M,[ 6.39715073e+01 -3.32200000e+00  6.07951686e+04]
2H2O<=>H+OH+H2O,[ 5.95832567e+01 -2.44000000e+00  6.04932058e+04]
H+O2(+M)<=>HO2(+M),[29.14943963  0.44        0.        ]
HO2+H<=>H2+O2,[  14.89561938    2.087      -732.25968797]
HO2+H<=>2OH,[ 31.70652259   0.         150.98137896]
HO2+H<=>O+H2O,[28.12082737  0.          0.        ]
HO2+O<=>OH+O2,[  30.40921908    0.         -223.95571213]
HO2+OH<=>H2O+O2,[  29.62531318    0.         -550.07549069]
HO2+OH<=>H2O+O2,[  29.62531318    0.         -550.07549069]
HO2+OH<=>H2O+O2,[  29.62531318    0.         -550.07549069]
HO2+OH<=>H2O+O2,[  29.62531318    0.         -550.07549069]
2HO2<=>H2O2+O2,[  26.00035957    0.         -709.10920986]
2HO2<=>H2O2+O2,[  26.00035957    0.         -709.10920986]
2HO2<=>H2O2+O2,[  26.00035957    0.         -709.10920986]
2HO2<=>H2O2+O2,[  26.00035957    0.         -709.10920986]
H2O2(+M)<=>2OH(+M),[2.84135519e+01 9.00000000e-01 2.45344741e+04]
H2O2+H<=>OH+H2O,[  30.649004      0.         1997.98691495]
H2O2+H<=>HO2+H2,[  31.70107299    0.         4001.00654253]
H2O2+O<=>OH+HO2,[  15.95710496    2.         1997.98691495]
H2O2+OH<=>H2O+HO2,[ 28.07890694   0.         160.0402617 ]
H2O2+OH<=>H2O+HO2,[ 28.07890694   0.         160.0402617 ]
H2O2+OH<=>H2O+HO2,[ 28.07890694   0.         160.0402617 ]
H2O2+OH<=>H2O+HO2,[ 28.07890694   0.         160.0402617 ]
CO+O(+M)<=>CO2(+M),[  25.9597078    0.        1222.9491696]
CO+O2<=>O+CO2,[   28.05824772     0.         24006.03925516]
CO+OH<=>H+CO2,[  11.03279069    2.053      -179.1645697 ]
CO+OH<=>H+CO2,[  11.03279069    2.053      -179.1645697 ]
CO+OH<=>H+CO2,[  11.03279069    2.053      -179.1645697 ]
CO+OH<=>H+CO2,[  11.03279069    2.053      -179.1645697 ]
CO+HO2<=>OH+CO2,[1.19640011e+01 2.18000000e+00 9.03069955e+03]
HCO+M<=>H+CO+M,[ 4.07125625e+01 -1.20000000e+00  8.92501258e+03]
HCO+H<=>H2+CO,[32.07155248  0.          0.        ]
HCO+O<=>OH+CO,[31.03554629  0.          0.        ]
HCO+O<=>H+CO2,[31.03255178  0.          0.        ]
HCO+OH<=>H2O+CO,[32.41767918  0.          0.        ]
HCO+O2<=>HO2+CO,[  25.04898664    0.521      -262.20432813]
C+OH<=>H+CO,[31.54304412  0.          0.        ]
C+O2<=>O+CO,[ 31.82370158   0.         320.0805234 ]
OH*+N2<=>OH+N2,[ 2.54053971e+01  5.00000000e-01 -6.23049824e+02]
OH*+O2<=>OH+O2,[  28.37295846    0.5        -242.57674887]
OH*+H2O<=>OH+H2O,[  29.40935756    0.5        -433.31655762]
OH*+H2<=>OH+H2,[  28.71282629    0.5        -223.45244087]
OH*+CO2<=>OH+CO2,[  28.64262203    0.5        -487.16658279]
OH*+CO<=>OH+CO,[  28.80350325    0.5        -396.07448415]
OH*+AR<=>OH+AR,[23.24899448  0.5         0.        ]
OH*+HE<=>OH+HE,[21.39109521  0.5         0.        ]
