GRI mechanism
53
2O+M<=>O2+M,[39.32626814 -1.          0.        ]
O+H+M<=>OH+M,[40.75338449 -1.          0.        ]
O+H2<=>H+OH,[  10.56359488    2.7        1585.54604932]
O+HO2<=>OH+O2,[30.62675339  0.          0.        ]
O+H2O2<=>OH+HO2,[  16.08039378    2.         1013.13034726]
O+CO(+M)<=>CO2(+M),[ 23.61363759   0.         604.07649723]
O+HCO<=>OH+CO,[31.0322185  0.         0.       ]
O+HCO<=>H+CO2,[31.0322185  0.         0.       ]
O2+CO<=>O+CO2,[   28.54731185     0.         12106.87971817]
H+O2+M<=>HO2+M,[42.47615109 -0.86        0.        ]
H+2O2<=>HO2+O2,[44.48148466 -1.24        0.        ]
H+O2+H2O<=>HO2+H2O,[43.8677883 -0.76       0.       ]
H+O2+N2<=>HO2+N2,[44.70462821 -1.24        0.        ]
H+O2+AR<=>HO2+AR,[41.08985673 -0.8         0.        ]
H+O2<=>O+OH,[ 3.78159211e+01 -6.70700000e-01  4.31618017e+03]
2H+M<=>H2+M,[41.44653167 -1.          0.        ]
2H+H2<=>2H2,[39.03858607 -0.6         0.        ]
2H+H2O<=>H2+H2O,[45.54087624 -1.25        0.        ]
2H+CO2<=>H2+CO2,[47.75644995 -2.          0.        ]
H+OH+M<=>H2O+M,[51.44532941 -2.          0.        ]
H+HO2<=>O+H2O,[ 29.00978721   0.         169.95470559]
H+HO2<=>O2+H2,[ 31.43322926   0.         270.50327126]
OH+HO2<=>O2+H2O,[  30.30516977    0.         -126.64318067]
OH+HO2<=>O2+H2O,[  30.30516977    0.         -126.64318067]
H+HO2<=>2OH,[ 32.06183791   0.         160.8354303 ]
H+H2O2<=>HO2+H2,[  16.30871601    2.         1317.06592854]
OH+H2O2<=>HO2+H2O,[ 28.3241683    0.         108.15299446]
OH+H2O2<=>HO2+H2O,[ 28.3241683    0.         108.15299446]
H+H2O2<=>OH+H2O,[ 29.93360621   0.         911.81680926]
H+HCO<=>H2+CO,[31.92694505  0.          0.        ]
OH+H2<=>H+H2O,[ 19.19078897   1.51       868.75691998]
2OH(+M)<=>H2O2(+M),[31.93508621 -0.37        0.        ]
2OH<=>O+H2O,[  10.48290597    2.4        -534.4237544 ]
OH+HO2<=>O2+H2O,[  30.30516977    0.         -126.64318067]
OH+HO2<=>O2+H2O,[  30.30516977    0.         -126.64318067]
OH+HO2<=>O2+H2O,[  30.30516977    0.         -126.64318067]
OH+HO2<=>O2+H2O,[  30.30516977    0.         -126.64318067]
OH+H2O2<=>HO2+H2O,[ 28.3241683    0.         108.15299446]
OH+H2O2<=>HO2+H2O,[ 28.3241683    0.         108.15299446]
OH+H2O2<=>HO2+H2O,[ 28.3241683    0.         108.15299446]
OH+H2O2<=>HO2+H2O,[ 28.3241683    0.         108.15299446]
OH+CO<=>H+CO2,[17.67834332  1.228      17.7302466 ]
OH+HCO<=>H2O+CO,[31.54304412  0.          0.        ]
2HO2<=>O2+H2O2,[  25.59080029    0.         -412.84851535]
2HO2<=>O2+H2O2,[  25.59080029    0.         -412.84851535]
2HO2<=>O2+H2O2,[  25.59080029    0.         -412.84851535]
2HO2<=>O2+H2O2,[  25.59080029    0.         -412.84851535]
HO2+CO<=>OH+CO2,[  32.64165641    0.         5977.45344741]
HCO+H2O<=>H+CO+H2O,[ 4.18519968e+01 -1.00000000e+00  4.30579265e+03]
HCO+M<=>H+CO+M,[ 3.97698850e+01 -1.00000000e+00  4.30579265e+03]
HCO+O2<=>HO2+CO,[ 30.23000022   0.         101.313538  ]
