Collecting the data from the paper Biodiesel Combudtion, LELE,2018 paper 

CO2
980.5194805194803, 0.0000330145499199911
1012.7272727272726, 0.000027380642280355554
1043.3766233766232, 0.00002474602761135729
1076.103896103896, -9.898411044543826e-7
1119.2207792207791, 0.000029687790719307118
1154.025974025974, 0.00011838648457559281
1187.7922077922076, 0.0002014438283779237
1199.7402597402597, 0.0003780672050013005
1205.4545454545455, 0.0013747106761433407
1209.6103896103896, 0.0020906858184795147
1228.831168831169, 0.0023067986454805944
1249.090909090909, 0.0024254009600714476
1268.831168831169, 0.002498202656941912
1290.1298701298701, 0.002582331708406208
1328.051948051948, 0.002665031816321215
1360.2597402597403, 0.0026851858742976227
1399.74025974026, 0.002704714769471217


CO
1107.3639592847974, 0.00009790752514850427
1148.5567594997165, 0.00046129966269663637
1180.4811796662784, 0.0008929285692964408
1200.3089460016117, 0.0012493656905764013
1211.7847228440942, 0.0015938628697650826
1240.5331184143756, 0.001326169368078566
1269.4785230291632, 0.0011845616548759748
1300.6059520611325, 0.0011061162353362597
1330.7632607981852, 0.0010734604937166063
1360.9205695352377, 0.0010408047520969546
1387.458583325871, 0.001025133578102149
1399.977612608579, 0.0010373123190352551

