     fun: 0.11349005298806461
     jac: array([ 1.13378083e-02, -5.32660633e-04,  6.76836511e-02, -6.11378718e-03,
        4.04689834e-03, -3.57330777e-04, -2.78743170e-03, -1.51257496e-03,
       -7.10798427e-03, -1.60787906e-03,  1.51400454e-04,  1.62797328e-03,
       -6.31551445e-03,  5.08459099e-03,  1.65575445e-02, -1.73839461e-03,
       -5.45484945e-05, -5.74480463e-03,  3.50608490e-04, -1.08079426e-03,
       -1.40377600e-02])
 message: 'Optimization terminated successfully'
    nfev: 1475
     nit: 67
    njev: 67
  status: 0
 success: True
       x: array([-1.        ,  0.25027928, -1.        ,  1.        , -1.        ,
        0.87644928,  1.        ,  1.        ,  1.        ,  1.        ,
       -1.        , -1.        ,  1.        , -1.        , -1.        ,
        1.        ,  0.97917222,  1.        , -0.6995775 ,  1.        ,
        1.        ])

