0.9161555666228525
0.9161555688085766
0.9161555727431049
0.9161555714183596
0.9161555676511456
0.9161555655850219
0.9161555693892618
0.9161555642999625
0.9161555674531134
0.9161555664458074
0.9161555670598764
0.916155566846719
0.9161555667911894
0.916155566268905
0.9161555671939561
0.9161555727508255
0.9161555660275261
0.9161555651485443
0.9161555613744221
0.9161555666131795
0.9161555665459281
0.9161555658793321
0.43264463173863044
0.43264463263675074
0.4326446327548784
0.4326446354805929
0.4326446320230184
0.43264463149356425
0.43264463314153206
0.4326446305971391
0.43264463181927837
0.4326446315742154
0.4326446317836748
0.43264463186832736
0.4326446318033736
0.43264463148780563
0.43264463206333165
0.43264463510613294
0.4326446314080821
0.43264463105025536
0.43264462998053166
0.4326446317339111
0.4326446317020123
0.43264463113775076
0.25523911054319565
0.2552391106939451
0.25523910899655394
0.2552391126413574
0.2552391103505587
0.2552391107673565
0.25523911009446315
0.2552391107827149
0.25523911048486136
0.25523911045622427
0.2552391104910306
0.2552391105904217
0.25523911045426373
0.2552391105103175
0.25523911062297266
0.2552391109471623
0.25523911044553765
0.2552391107042193
0.25523911227430673
0.2552391105713778
0.2552391106164242
0.2552391102846625
0.21413867973361772
0.21413867982395102
0.21413867834830538
0.21413868143079445
0.21413867952795745
0.21413867996072755
0.21413867918326795
0.2141386800534818
0.2141386796721868
0.21413867965789574
0.21413867967771005
0.21413867976174286
0.21413867964926053
0.2141386797255684
0.21413867977320164
0.21413867981353119
0.2141386796715437
0.21413867992631488
0.2141386813402886
0.21413867975961226
0.2141386797990937
0.21413867953843155
0.19114277390214282
0.19114277405035454
0.19114277347128494
0.19114277585842698
0.19114277382599398
0.19114277400457752
0.1911427739882852
0.19114277377829206
0.19114277384853062
0.1911427738089586
0.19114277387816064
0.1911427739437752
0.1911427738793352
0.19114277382984757
0.191142773968084
0.19114277471854924
0.191142773798756
0.19114277383974387
0.19114277415187575
0.19114277390949222
0.1911427739140059
0.1911427736125356
0.1873292893185165
0.18732928948178545
0.1873292891718548
0.1873292913070302
0.18732928927764045
0.1873292893866479
0.1873292895531576
0.1873292890915565
0.18732928927651876
0.1873292892226485
0.187329289308352
0.1873292893634708
0.18732928931068668
0.18732928923295677
0.18732928939027227
0.1873292902901897
0.1873292892073492
0.18732928920103442
0.18732928923923217
0.18732928932160658
0.18732928931752674
0.18732928900629164
0.18452983419145733
0.1845298343742566
0.18452983421749594
0.18452983617747756
0.18452983416985436
0.18452983424086705
0.18452983449402063
0.18452983391932362
0.18452983415787624
0.18452983409507703
0.1845298341902804
0.1845298342381864
0.1845298341918184
0.18452983410085189
0.1845298342666231
0.1845298352288589
0.1845298340788577
0.18452983404736378
0.1845298339317588
0.18452983419308042
0.18452983418397242
0.18452983386340593
0.17290814807132082
0.17290814834305876
0.17290814865378268
0.17290814993935025
0.17290814810619562
0.1729081480654005
0.17290814852342049
0.1729081477136627
0.172908148076086
0.1729081479761106
0.17290814811150584
0.1729081481233772
0.17290814809355748
0.1729081479748904
0.17290814815666605
0.172908149203495
0.1729081479684855
0.17290814786531408
0.17290814731558152
0.17290814807099925
0.17290814804837432
0.17290814769055857
0.1587054486918568
0.15870544903348222
0.15870544955618182
0.15870545027269556
0.15870544874995374
0.1587054486610987
0.15870544911635687
0.15870544837865982
0.15870544873064518
0.15870544860185026
0.15870544877227702
0.15870544874448228
0.15870544872182388
0.15870544860972077
0.1587054487758813
0.1587054496736231
0.15870544861623895
0.15870544849446938
0.1587054477802142
0.15870544869382583
0.15870544866806788
0.1587054482967065
0.1530285840491292
0.1530285843257194
0.15302858446035572
0.15302858545671455
0.15302858404661673
0.15302858407507935
0.15302858419680823
0.1530285839151863
0.15302858404751404
0.15302858396558922
0.15302858408154782
0.15302858408634074
0.15302858406389938
0.15302858399101732
0.15302858411181633
0.15302858470666536
0.1530285839877552
0.15302858395769325
0.15302858356924376
0.15302858405681435
0.15302858403920275
0.15302858438008388
0.15067438490097185
0.1506743851068771
0.15067438485190304
0.15067438612679107
0.1506743848367448
0.15067438498428398
0.15067438475618522
0.15067438495415045
0.15067438486151438
0.1506743848247643
0.1506743848852688
0.15067438492237245
0.15067438489937768
0.1506743848684029
0.15067438494037338
0.1506743852158724
0.15067438485317336
0.15067438492511512
0.15067438488894078
0.150674384914842
0.150674384906114
0.15067438516156378
0.15010042754545458
0.150100427743211
0.15010042744223676
0.15010042873821489
0.15010042747409766
0.15010042763497394
0.1501004273641787
0.15010042762185283
0.15010042750182695
0.15010042746984262
0.15010042752442423
0.150100427564704
0.1501004275423024
0.15010042751582564
0.15010042758148526
0.15010042781179078
0.15010042749961966
0.1501004275849224
0.15010042759171083
0.15010042755997266
0.1501004275522565
0.1501004277947569
0.14742801516813037
0.14742801535700195
0.1474280150150276
0.14742801628472507
0.14742801509115133
0.14742801526081112
0.14742801494957686
0.14742801526819732
0.14742801512105058
0.1474280150915658
0.14742801514350484
0.14742801518424617
0.14742801516532084
0.1474280151403487
0.14742801519870982
0.14742801536422281
0.14742801512558404
0.1474280152256774
0.14742801527271823
0.14742801518256451
0.1474280151755167
0.14742801539599615
0.14685317860071057
0.14685317881202298
0.14685317856890137
0.1468531797611342
0.14685317853989358
0.14685317867789616
0.14685317846367002
0.14685317864907885
0.14685317856375713
0.14685317852087226
0.1468531785891243
0.14685317862087943
0.14685317860282526
0.14685317856492344
0.14685317863845765
0.14685317888335844
0.1468531785551877
0.1468531786266842
0.14685317857549143
0.14685317861328684
0.1468531786036259
0.14685317884645577
0.1459754020808859
0.14597540232586192
0.14597540223722555
0.1459754033092063
0.14597540204477139
0.1459754021337548
0.14597540207216586
0.1459754020475469
0.14597540206065115
0.14597540199476589
0.1459754020896763
0.1459754021071514
0.1459754020909644
0.14597540203149661
0.1459754021307007
0.14597540249593502
0.14597540203080075
0.1459754020586701
0.1459754018543825
0.14597540209062373
0.14597540207658022
0.1459754023541507
0.14480370183240956
0.1448037021005314
0.1448037021269028
0.14480370311186105
0.14480370181370467
0.14480370186697472
0.14480370192331357
0.1448037017352159
0.14480370182586064
0.14480370173917922
0.1448037018561601
0.1448037018627923
0.1448037018491516
0.14480370177037152
0.14480370189322286
0.14480370234372006
0.14480370177902285
0.14480370177517266
0.14480370145169733
0.14480370184010394
0.14480370182205377
0.14480370212607774
0.1400388731847616
0.1400388734894049
0.1400388737204089
0.1400388745707079
0.14003887319166086
0.1400388731873023
0.1400388734723091
0.14003887295936196
0.14003887320930683
0.1400388730674269
0.14003887323288097
0.14003887322093098
0.14003887321667102
0.14003887308703933
0.14003887327674186
0.140038873861962
0.14003887312446756
0.1400388730703427
0.14003887248344904
0.1400388731897182
0.14003887316045563
0.14003887351730004
0.1316560467784949
0.13165604706710962
0.13165604720481489
0.1316560481808172
0.13165604676146103
0.13165604679296528
0.1316560470764764
0.13165604654358926
0.13165604679238607
0.13165604691502322
0.1316560468090704
0.1316560468081508
0.1316560468143232
0.1316560466598531
0.13165604688863952
0.13165604741921935
0.13165604671889744
0.13165604668120773
0.13165604611335113
0.1316560467869313
0.1316560467513923
0.1316560471093674
0.12973179208195457
0.12973179233866888
0.12973179231134624
0.12973179341002478
0.12973179204070961
0.1297317921178034
0.129731792273855
0.12973179191709974
0.12973179206662366
0.12973179221098396
0.1297317920910431
0.12973179210481686
0.1297317921110744
0.12973179197738732
0.12973179217750955
0.1297317926136375
0.12973179202940438
0.12973179201740043
0.129731791661509
0.12973179209248514
0.12973179206182298
0.12973179238600147
0.1273595469367534
0.1273595471097821
0.12735954666047758
0.12735954806171323
0.12735954683409262
0.12735954702538188
0.12735954685365686
0.1273595469526482
0.12735954684276607
0.12735954704485858
0.12735954689068135
0.12735954694134813
0.12735954694781235
0.1273595468716895
0.12735954699100216
0.12735954718297565
0.12735954690309728
0.12735954695712912
0.12735954719314058
0.12735954695245602
0.12735954693554577
0.12735954716797504
0.12678813848612902
0.12678813865599997
0.12678813820499307
0.12678813959970348
0.1267881383824767
0.12678813857457494
0.1267881383986903
0.12678813850511045
0.1267881383908668
0.12678813859360982
0.12678813843913353
0.12678813849014586
0.12678813849735454
0.12678813842101638
0.12678813853956125
0.12678813872492029
0.12678813845338177
0.1267881385075948
0.12678813875212336
0.1267881385016953
0.12678813848498718
0.1267881387141327
0.12463471925088704
0.12463471942226115
0.1246347190399755
0.12463472035336368
0.12463471915414906
0.12463471932969444
0.12463471919220889
0.12463471925216349
0.12463471916640906
0.12463471935962674
0.1246347192103624
0.12463471925607361
0.12463471926596371
0.12463471917829518
0.12463471930866042
0.12463471950807314
0.12463471921851194
0.12463471926264294
0.1246347194291377
0.12463471926504915
0.1246347192466491
0.12463471947840332
0.12385997294715514
0.12385997313792593
0.12385997290187215
0.12385997408704065
0.12385997286926145
0.12385997300804442
0.1238599729658432
0.12385997289901221
0.12385997289160489
0.12385997306160115
0.1238599729246585
0.12385997295776192
0.12385997296872134
0.12385997286014078
0.12385997301835028
0.12385997327799333
0.1238599729834093
0.12385997293502951
0.12385997290346773
0.12385997295933901
0.12385997293674997
0.12385997319018201
0.1229646115411542
0.12296461174213814
0.12296461163451435
0.12296461268932767
0.12296461147913416
0.12296461158624497
0.12296461161353886
0.1229646114595882
0.12296461151133238
0.1229646116593142
0.12296461153436761
0.12296461155589264
0.12296461156787933
0.12296461144262083
0.12296461162194522
0.12296461191840465
0.12296461157922488
0.12296461151164861
0.12296461132203301
0.12296461155146624
0.12296461152609314
0.12296461179040133
0.12084919592904919
0.12084919613026085
0.12084919622871268
0.1208491970332691
0.1208491958923287
0.12084919594771205
0.12084919605631178
0.12084919581582146
0.12084919594223181
0.12084919605019137
0.12084919594882174
0.12084919594961407
0.1208491959626494
0.1208491958142549
0.12084919601943779
0.12084919633821062
0.12084919596653357
0.12084919587986068
0.12084919546941883
0.12084919593598586
0.12084919590845468
0.12084919617112819
0.12009769484728806
0.12009769502962397
0.12009769503511489
0.12009769590479877
0.12009769479730698
0.12009769487777819
0.12009769491438692
0.12009769477230757
0.12009769484251379
0.12009769496373529
0.12009769485403962
0.1200976948635473
0.12009769487706712
0.12009769495193294
0.12009769492509825
0.12009769519344586
0.1200976948809791
0.1200976948159917
0.12009769453558959
0.1200976948549598
0.12009769483051994
0.12009769507276763
0.11983629085310495
0.11983629102408618
0.11983629096907952
0.11983629188366993
0.11983629079460825
0.11983629089129863
0.11983629088283418
0.11983629080179234
0.11983629083661548
0.11983629096672785
0.1198362908514689
0.11983629086665129
0.11983629088041377
0.11983629095083498
0.11983629092336534
0.1198362911608487
0.11983629088450815
0.1198362908328954
0.11983629106950362
0.11983629086125644
0.11983629083872224
0.1198362910690352
0.11960760701390441
0.11960760717049083
0.11960760704548001
0.11960760800890993
0.11960760694550539
0.1196076070610332
0.11960760699756517
0.11960760699181558
0.11960760698409345
0.11960760712409924
0.1196076070028265
0.11960760702422399
0.1196076070382241
0.11960760710311258
0.11960760707463407
0.11960760727371514
0.11960760704236953
0.11960760700721437
0.1196076071168353
0.11960760702254104
0.11960760700236799
0.11960760721759787
0.11941978529666955
0.11941978543916794
0.11941978524827428
0.11941978625690558
0.11941978537457237
0.11941978535224655
0.11941978523615474
0.11941978530244723
0.11941978525439426
0.11941978540357329
0.1194197852768912
0.11941978530389194
0.11941978531810751
0.11941978537775395
0.11941978534809959
0.11941978550993418
0.11941978532232879
0.11941978530296019
0.11941978529162728
0.11941978530570921
0.11941978528779221
0.11941978548849022
0.11938843403154928
0.1193884341760161
0.11938843399443974
0.11938843499683574
0.11938843410826366
0.11938843408597577
0.11938843397772306
0.11938843403310773
0.11938843399116225
0.11938843413894605
0.1193884340130103
0.1193884340391766
0.11938843405340471
0.11938843411388966
0.11938843408433572
0.11938843425158512
0.11938843405758845
0.11938843403579338
0.1193884340421436
0.11938843404049852
0.11938843402221566
0.11938843422516987
0.11925155037350373
0.11925155052554062
0.11925155037814025
0.11925155135866214
0.11925155044596841
0.11925155042374731
0.11925155034535921
0.11925155035885217
0.11925155034017301
0.11925155048277275
0.11925155035949192
0.11925155038259976
0.11925155039691471
0.11925155046069506
0.11925155043156535
0.11925155061936697
0.11925155040100388
0.11925155036993063
0.11925155044257538
0.1192515503821025
0.1192515503623783
0.11925155057420578
0.11886825540412162
0.1188682555827513
0.1188682555478322
0.1188682564623353
0.11886825546238428
0.1188682554400341
0.11886825546605397
0.11886825533271372
0.11886825539341513
0.11886825551982863
0.11886825540411933
0.11886825541799237
0.11886825543289328
0.1188682555085922
0.11886825548131139
0.11886825573910322
0.11886825543691727
0.11886825537426454
0.11886825567140978
0.11886825541159263
0.11886825538662314
0.11886825563064568
0.11862569642954375
0.11862569661812884
0.11862569661325639
0.11862569751858482
0.1186256964842662
0.11862569646132148
0.11862569652468984
0.11862569633733291
0.11862569642484214
0.11862569654746866
0.11862569643250159
0.11862569644458706
0.11862569646010995
0.11862569654063407
0.11862569651443153
0.11862569679604534
0.11862569646434964
0.11862569639074257
0.11862569675944923
0.11862569643667117
0.11862569640954357
0.11862569666679113
0.1178998675179198
0.11789986771916
0.11789986770323804
0.11789986865683963
0.1178998675763625
0.11789986755072018
0.11789986765050196
0.11789986740255963
0.11789986752350903
0.11789986763779825
0.1178998675172675
0.11789986753203044
0.11789986754981761
0.11789986763721799
0.1178998676136776
0.11789986791659701
0.11789986755509152
0.11789986747097264
0.11789986787753175
0.11789986752502955
0.11789986749477699
0.11789986777152658
0.11762709979332536
0.11762709998167692
0.11762709989776571
0.11762710089717407
0.11762709986293761
0.11762709983662724
0.11762709988090744
0.11762709970581925
0.11762709980883357
0.11762709990989889
0.11762709978575228
0.1176270998043433
0.1176270998219417
0.11762709990398763
0.11762709987942122
0.11762710014770879
0.11762709982745621
0.11762709975787854
0.11762710004250665
0.11762709980071484
0.11762709977282854
0.11762710003491608
0.11735822438801284
0.11735822454875042
0.11735822433038995
0.11735822541553784
0.11735822447978406
0.11735822445217763
0.11735822438061681
0.11735822435896018
0.11735822442260348
0.11735822449765107
0.11735822436698032
0.11735822439280791
0.11735822440977522
0.11735822448050161
0.11735822445353533
0.11735822464771886
0.11735822441588148
0.11735822437738297
0.11735822441250489
0.11735822439585633
0.11735822437295651
0.11735822460364112
0.1173150240084155
0.1173150241658609
0.11731502394010279
0.11731502502527251
0.11731502410138583
0.11731502407371969
0.11731502399128282
0.11731502398541493
0.11731502404378508
0.11731502411737679
0.11731502398658797
0.1173150240127577
0.11731502402956344
0.11731502409899286
0.11731502407156978
0.11731502425778903
0.11731502403558168
0.1173150240002423
0.1173150240160739
0.11731502401616001
0.11731502399380836
0.11731502422073312
0.1170982787724566
0.11709827892126161
0.11709827870498309
0.11709827975585495
0.11709827886367966
0.11709827883617303
0.11709827873548556
0.11709827876207946
0.1170982788048957
0.11709827888016952
0.11709827875118724
0.11709827877659676
0.11709827879267726
0.11709827885890359
0.11709827882969617
0.1170982789980751
0.11709827879791712
0.11709827876885412
0.11709827876963651
0.11709827877940661
0.117098278758349
0.11709827897533741
0.1169098729984892
0.11690987314652984
0.11690987298161473
0.11690987396871735
0.11690987308097171
0.1169098730540597
0.11690987296964934
0.11690987301316894
0.1169098730219431
0.11690987310697917
0.11690987298209082
0.11690987300432634
0.11690987301973979
0.11690987308599465
0.11690987305564425
0.11690987322776258
0.1169098730239303
0.11690987299191577
0.11690987305266833
0.11690987300445871
0.11690987298336056
0.11690987319904114
0.11688247719401539
0.11688247734641376
0.11688247720381678
0.11688247817532127
0.11688247727283944
0.11688247724612688
0.11688247718019062
0.11688247721767273
0.11688247721429329
0.11688247730357665
0.11688247717985199
0.11688247720084377
0.11688247721631098
0.11688247728431826
0.1168824772543709
0.11688247743830954
0.11688247722034023
0.11688247718330025
0.11688247728434073
0.11688247719987091
0.11688247717804012
0.11688247739849823
0.11681485641053685
0.11681485657233892
0.11681485646865897
0.11681485741723822
0.11681485648312202
0.11681485645666562
0.11681485642723843
0.11681485645253248
0.11681485642555517
0.11681485652219684
0.11681485640004516
0.11681485641914638
0.1168148564348452
0.11681485650663498
0.11681485647780272
0.11681485668565769
0.11681485643879982
0.11681485639171636
0.11681485656837676
0.116814856416256
0.11681485639286429
0.11681485662375937
0.11671165051826972
0.11671165069060038
0.1167116506144926
0.11671165155610225
0.11671165058672858
0.11671165056024889
0.11671165056609359
0.11671165057913799
0.11671165053017821
0.11671165063189888
0.11671165050980281
0.11671165052823998
0.11671165054445741
0.11671165062048006
0.11671165059334201
0.11671165082508958
0.11671165054877433
0.11671165049193188
0.11671165073386373
0.11671165052404484
0.11671165049893806
0.11671165074174607
0.11653115997838248
0.11653116016444068
0.11653116009123268
0.11653116106239755
0.11653116004729216
0.1165311600200947
0.11653116006096312
0.11653116006078934
0.11653115999190311
0.11653116009378961
0.11653115996848734
0.11653115998879507
0.11653116000635738
0.11653116008782738
0.11653116006380933
0.11653116032066312
0.11653116001196209
0.11653115994552424
0.11653116023295038
0.1165311599846823
0.11653115995742357
0.11653116021611803
0.11638091232663336
0.116380912518257
0.11638091239903722
0.11638091343636525
0.11638091240393325
0.11638091237537196
0.11638091241493309
0.11638091241341675
0.1163809123486591
0.11638091244170197
0.1163809123113508
0.11638091233533984
0.11638091235438047
0.11638091243783139
0.11638091241625287
0.11638091267537845
0.11638091236152806
0.11638091229499306
0.1163809125448744
0.1163809123335908
0.11638091230564115
0.11638091257108454
0.11626715557440356
0.11626715576258177
0.11626715558040454
0.11626715668067338
0.11626715566245924
0.11626715563258887
0.11626715564218146
0.11626715564961465
0.11626715560620614
0.1162671556876726
0.11626715555366027
0.1162671555805375
0.11626715560032527
0.11626715568208065
0.11626715566121704
0.1162671559040179
0.11626715560848884
0.11626715554883724
0.11626715571340433
0.1162671555815939
0.11626715555446035
0.11626715581623842
0.11612798477201541
0.11612798495385343
0.11612798470960609
0.11612798586314427
0.1161279848703626
0.11612798483926827
0.11612798481100786
0.11612798483064411
0.11612798473071899
0.11612798488305066
0.11612798474642126
0.11612798477555575
0.11612798479573555
0.1161279848744931
0.11612798485382908
0.11612798507448838
0.11612798480466349
0.11612798475393862
0.11612798482444289
0.1161279847790381
0.11612798475331682
0.11612798500767177
0.11580866668862096
0.11580866686170248
0.11580866652592363
0.11580866775521358
0.11580866680097099
0.11580866676765193
0.11580866668395431
0.11580866672239498
0.11580866663147618
0.11580866679627183
0.11580866665657358
0.1158086666884452
0.11580866670942212
0.11580866678331496
0.11580866676359039
0.11580866695071773
0.11580866671948006
0.11580866668160504
0.1158086666147018
0.11580866669445924
0.1158086666711643
0.11580866691421629
0.11536835980310954
0.11536835996344538
0.11536835959064647
0.11536836082371009
0.11536835991926842
0.11536835988515348
0.1153683597533467
0.115368359810205
0.11536835973839925
0.11536835990819959
0.11536835976831802
0.11536835980136245
0.11536835982159807
0.1153683598896098
0.1153683598688563
0.11536836002250364
0.11536835983161084
0.11536835980520851
0.11536835965489772
0.11536835980670147
0.11536835978628966
0.1153683600134212
0.11501721697914977
0.11501721713174896
0.11501721683830222
0.11501721795947652
0.11501721708186366
0.11501721705009779
0.11501721692233978
0.11501721698125222
0.1150172169277403
0.11501721708458948
0.11501721694807278
0.11501721698015771
0.11501721699807338
0.11501721706407597
0.11501721704062955
0.11501721718607211
0.11501721700663005
0.11501721698265699
0.11501721689918631
0.11501721698169075
0.11501721696261151
0.1150172171792744
0.11486479985290682
0.11486480001061229
0.11486479979608917
0.1148648008382277
0.11486479994400473
0.11486479991382267
0.11486479982389311
0.11486479987170094
0.11486479981517994
0.11486479996012348
0.11486479982684589
0.11486479985671605
0.11486479987399204
0.11486479994272013
0.11486479991907235
0.11486480008216524
0.11486479988160839
0.11486479985125146
0.11486479987218857
0.11486479985576317
0.11486479983584749
0.11486480005668923
0.11474971391548952
0.11474971408114804
0.11474971393419954
0.11474971491833098
0.11474971399741161
0.11474971396813934
0.11474971392048115
0.1147497139551014
0.11474971389015244
0.11474971402462576
0.1147497138942321
0.11474971392159267
0.11474971393892097
0.11474971401143182
0.11474971398826715
0.11474971417385615
0.11474971394570256
0.11474971390734388
0.11474971402884325
0.11474971391899824
0.11474971389760473
0.1147497141265645
0.11459818089114797
0.11459818106432418
0.11459818097141314
0.11459818191382025
0.11459818096630031
0.11459818093715292
0.11459818092800651
0.1145981809507588
0.11459818087678308
0.11459818100199716
0.11459818087399568
0.11459818089881837
0.1145981809166996
0.11459818099299826
0.11459818097034052
0.11459818117644686
0.11459818092247955
0.11459818087671905
0.11459818108400834
0.1145981808953018
0.11459818087220275
0.11459818110997147
0.11444648191606664
0.11444648208899416
0.11444648199665367
0.11444648293991745
0.11444648199215787
0.11444648196227543
0.11444648195453369
0.11444648197741003
0.11444648192811441
0.11444648202694542
0.11444648189931445
0.1144464819233327
0.11444648194171518
0.11444648201840055
0.11444648199549318
0.11444648220124101
0.11444648194687695
0.11444648190100473
0.11444648211108861
0.11444648192022655
0.11444648189675731
0.11444648213541132
0.11439771502530405
0.11439771519095614
0.1143977150547475
0.11439771603061887
0.11439771510836022
0.11439771507775522
0.11439771503681871
0.11439771507050664
0.11439771504314372
0.1143977151346827
0.11439771500583923
0.11439771503087628
0.11439771504916713
0.11439771512282376
0.11439771509904056
0.11439771528567805
0.11439771505447834
0.11439771501523971
0.11439771515487658
0.11439771502889672
0.11439771500664477
0.11439771523777453
0.11436903563684293
0.11436903579557293
0.11436903562405235
0.11436903662342099
0.11436903572549081
0.11436903569433551
0.11436903562375418
0.11436903566740385
0.11436903565907185
0.11436903574484596
0.114369035615232
0.11436903564101263
0.11436903565912593
0.1143690357299501
0.11436903570527696
0.11436903587411884
0.11436903566444422
0.11436903563141351
0.11436903571097065
0.11436903563988132
0.11436903561880772
0.11436903584256275
0.11434234014287584
0.11434234029770524
0.11434234010805702
0.11434234111844886
0.11434234023441707
0.11434234020297712
0.11434234011606323
0.11434234016542166
0.11434234016720785
0.11434234025006682
0.11434234012014527
0.11434234014629022
0.11434234016433206
0.11434234023353283
0.11434234020839817
0.11434234036708027
0.11434234016953229
0.11434234014010605
0.11434234018769827
0.11434234014559906
0.11434234012520451
0.11434234034464238
0.11422921681625635
0.1142292169606787
0.11422921672231838
0.11422921776186322
0.11422921691567492
0.1142292168833738
0.11422921675192918
0.11422921681744261
0.11422921684588126
0.11422921692107811
0.11422921679063086
0.11422921681759289
0.11422921683569547
0.11422921690031235
0.11422921687418383
0.11422921700469733
0.11422921684016452
0.11422921682079405
0.11422921678297077
0.11422921681807728
0.11422921679958457
0.11422921700702063
0.11403403712382762
0.11403403726156806
0.11403403698651685
0.11403403804951934
0.11403403722938409
0.11403403719622102
0.11403403703260886
0.11403403711074656
0.11403403715700222
0.11403403722665674
0.11403403715134217
0.11403403712355666
0.1140340371422617
0.11403403720333664
0.11403403717710416
0.11403403728716711
0.11403403714547129
0.114034037133463
0.11403403703542742
0.11403403712494156
0.11403403710786515
0.11403403730665598
0.11394833361210416
0.11394833375738321
0.11394833351112675
0.11394833455896144
0.11394833371329055
0.11394833368056474
0.11394833354558966
0.11394833361399276
0.11394833364216027
0.1139483337160856
0.11394833363837983
0.11394833361282064
0.1139483336320101
0.11394833369601019
0.11394833367106208
0.11394833379899805
0.11394833363523404
0.1139483336175257
0.11394833357292845
0.11394833361396312
0.11394833359560215
0.11394833380227062
0.11384385074730452
0.11384385091292526
0.11384385074919778
0.11384385175114772
0.11384385083592008
0.11384385080450629
0.11384385074837236
0.11384385079014804
0.11384385076812305
0.1138438508544594
0.1138438507701133
0.11384385075083243
0.11384385077128353
0.1138438508432986
0.11384385082179077
0.11384385099767412
0.11384385077456351
0.1138438507417624
0.11384385084631182
0.11384385075122769
0.11384385072938849
0.1138438509572568
0.11383970855321497
0.11383970871946945
0.11383970855906443
0.11383970955862514
0.11383970864131761
0.11383970860997293
0.11383970855639716
0.11383970859735984
0.11383970857361264
0.11383970866046277
0.11383970857588618
0.11383970855684711
0.11383970857733017
0.11383970864957466
0.11383970862818431
0.1138397088055074
0.11383970858058742
0.11383970854738293
0.11383970865723633
0.11383970855721523
0.1138397085352763
0.11383970876372126
0.11381599361557501
0.11381599378270035
0.11381599362621457
0.11381599462276577
0.11381599370308669
0.11381599367186754
0.11381599362092899
0.1138159936611807
0.1138159936354429
0.11381599372286229
0.11381599363810264
0.11381599361929087
0.11381599363986564
0.11381599371226178
0.11381599369115256
0.11381599386987422
0.11381599364301387
0.11381599360965619
0.11381599372540496
0.11381599361972701
0.11381599359770334
0.11381599382662438
0.11369861541780482
0.11369861558729827
0.11369861543465495
0.11369861642945531
0.1136986155048495
0.11369861547395597
0.11369861542587445
0.11369861546584084
0.11369861543714196
0.11369861552485143
0.11369861544030521
0.11369861542139084
0.1136986154424656
0.11369861551469361
0.11369861549479857
0.1136986156750263
0.11369861544511889
0.11369861541278906
0.11369861553500792
0.11369861542252266
0.11369861540043773
0.11369861562973622
0.11360016422116537
0.113600164389759
0.11360016422858558
0.11360016522839161
0.11360016430961385
0.11360016427882244
0.11360016422168726
0.11360016426532585
0.11360016424137023
0.11360016432757498
0.11360016424416432
0.11360016422423563
0.11360016424557606
0.11360016431646659
0.11360016429711
0.1136001644718266
0.11360016424774155
0.11360016421837141
0.11360016432480682
0.11360016422603524
0.1136001642044457
0.11360016443096999
0.11355397761594072
0.11355397778166552
0.11355397760603433
0.11355397861435723
0.11355397770664963
0.11355397767576242
0.11355397760449161
0.11355397765321947
0.11355397763776708
0.11355397772172166
0.11355397763967248
0.11355397761842188
0.1135539776397753
0.11355397770901457
0.11355397768950427
0.11355397785592859
0.11355397764161622
0.11355397761536672
0.11355397769599551
0.1135539776206134
0.11355397759968908
0.11355397782237338
0.11349516168205087
0.11349516184814797
0.11349516166487184
0.11349516268165867
0.11349516177406437
0.11349516174319038
0.11349516166798893
0.11349516171825046
0.11349516170502966
0.11349516178759174
0.11349516170626837
0.11349516168411888
0.1134951617058505
0.11349516177457919
0.11349516175565046
0.11349516192045819
0.11349516170739547
0.11349516168244184
0.11349516175367391
0.11349516168692543
0.1134951616979784
0.11349516188830232
0.11349090474463912
0.11349090491358563
0.11349090473670186
0.11349090575320411
0.11349090483574165
0.1134909048049426
0.11349090473931447
0.11349090478617509
0.11349090476717824
0.11349090485055634
0.11349090476859838
0.11349090474689516
0.11349090476889781
0.11349090483874762
0.11349090482040543
0.11349090499136576
0.11349090477054322
0.11349090474382628
0.11349090483024338
0.11349090474986359
0.11349090476074421
0.11349090495381804
0.11349005298806461
