Sr,a,b,Ox,bg1,bg2,bg3,bg4,bg5,T,P,Tig,sigma
TMB_PHI_0_5_P_10,0.00867,0,0.20817844,0.78315,0,0,0,0,1458,10,0.0748,0.0075
TMB_PHI_0_5_P_10,0.00867,0,0.20817844,0.78315,0,0,0,0,1403,10,0.1057,0.0106
TMB_PHI_0_5_P_10,0.00867,0,0.20817844,0.78315,0,0,0,0,1336,10,0.2053,0.0205
TMB_PHI_0_5_P_10,0.00867,0,0.20817844,0.78315,0,0,0,0,1294,10,0.2961,0.0296
TMB_PHI_0_5_P_10,0.00867,0,0.20817844,0.78315,0,0,0,0,1257,10,0.3987,0.0399
TMB_PHI_0_5_P_10,0.00867,0,0.20817844,0.78315,0,0,0,0,1220,10,0.6120,0.0612
TMB_PHI_0_5_P_10,0.00867,0,0.20817844,0.78315,0,0,0,0,1198,10,0.7225,0.0723
TMB_PHI_0_5_P_10,0.00867,0,0.20817844,0.78315,0,0,0,0,1155,10,1.2220,0.1222
TMB_PHI_0_5_P_5,0.00867,0,0.20817844,0.78315,0,0,0,0,1543,5,0.0461,0.0046
TMB_PHI_0_5_P_5,0.00867,0,0.20817844,0.78315,0,0,0,0,1521,5,0.0587,0.0059
TMB_PHI_0_5_P_5,0.00867,0,0.20817844,0.78315,0,0,0,0,1482,5,0.0877,0.0088
TMB_PHI_0_5_P_5,0.00867,0,0.20817844,0.78315,0,0,0,0,1467,5,0.0933,0.0093
TMB_PHI_0_5_P_5,0.00867,0,0.20817844,0.78315,0,0,0,0,1422,5,0.1087,0.0109
TMB_PHI_0_5_P_5,0.00867,0,0.20817844,0.78315,0,0,0,0,1392,5,0.1423,0.0142
TMB_PHI_0_5_P_5,0.00867,0,0.20817844,0.78315,0,0,0,0,1361,5,0.2110,0.0211
TMB_PHI_0_5_P_5,0.00867,0,0.20817844,0.78315,0,0,0,0,1307,5,0.3619,0.0362
TMB_PHI_0_5_P_5,0.00867,0,0.20817844,0.78315,0,0,0,0,1266,5,0.5712,0.0571
TMB_PHI_0_5_P_5,0.00867,0,0.20817844,0.78315,0,0,0,0,1236,5,0.8297,0.0830
TMB_PHI_0_5_P_5,0.00867,0,0.20817844,0.78315,0,0,0,0,1229,5,1.0352,0.1035
TMB_PHI_0_5_P_2,0.00867,0,0.20817844,0.78315,0,0,0,0,1550,2,0.0529,0.0053
TMB_PHI_0_5_P_2,0.00867,0,0.20817844,0.78315,0,0,0,0,1516,2,0.0651,0.0065
TMB_PHI_0_5_P_2,0.00867,0,0.20817844,0.78315,0,0,0,0,1485,2,0.1042,0.0104
TMB_PHI_0_5_P_2,0.00867,0,0.20817844,0.78315,0,0,0,0,1480,2,0.0986,0.0099
TMB_PHI_0_5_P_2,0.00867,0,0.20817844,0.78315,0,0,0,0,1454,2,0.1283,0.0128
TMB_PHI_0_5_P_2,0.00867,0,0.20817844,0.78315,0,0,0,0,1413,2,0.1657,0.0166
TMB_PHI_0_5_P_2,0.00867,0,0.20817844,0.78315,0,0,0,0,1405,2,0.2140,0.0214
TMB_PHI_0_5_P_2,0.00867,0,0.20817844,0.78315,0,0,0,0,1375,2,0.2561,0.0256
TMB_PHI_0_5_P_2,0.00867,0,0.20817844,0.78315,0,0,0,0,1348,2,0.3108,0.0311
TMB_PHI_0_5_P_2,0.00867,0,0.20817844,0.78315,0,0,0,0,1335,2,0.3424,0.0342
TMB_PHI_0_5_P_2,0.00867,0,0.20817844,0.78315,0,0,0,0,1322,2,0.4706,0.0471
TMB_PHI_0_5_P_2,0.00867,0,0.20817844,0.78315,0,0,0,0,1298,2,0.5712,0.0571
TMB_PHI_0_5_P_2,0.00867,0,0.20817844,0.78315,0,0,0,0,1282,2,0.6249,0.0625
TMB_PHI_0_5_P_2,0.00867,0,0.20817844,0.78315,0,0,0,0,1271,2,0.7377,0.0738
TMB_PHI_0_5_P_2,0.00867,0,0.20817844,0.78315,0,0,0,0,1238,2,1.1563,0.1156
TMB_PHI_0_5_P_2,0.00867,0,0.20817844,0.78315,0,0,0,0,1234,2,1.2220,0.1222
TMB_PHI_1_P_10,0.0172,0,0.20639583,0.77641,0,0,0,0,1441,10,0.0604,0.0060
TMB_PHI_1_P_10,0.0172,0,0.20639583,0.77641,0,0,0,0,1400,10,0.1098,0.0110
TMB_PHI_1_P_10,0.0172,0,0.20639583,0.77641,0,0,0,0,1381,10,0.1262,0.0126
TMB_PHI_1_P_10,0.0172,0,0.20639583,0.77641,0,0,0,0,1347,10,0.1701,0.0170
TMB_PHI_1_P_10,0.0172,0,0.20639583,0.77641,0,0,0,0,1299,10,0.2540,0.0254
TMB_PHI_1_P_10,0.0172,0,0.20639583,0.77641,0,0,0,0,1232,10,0.4242,0.0424
TMB_PHI_1_P_10,0.0172,0,0.20639583,0.77641,0,0,0,0,1182,10,0.7560,0.0756
TMB_PHI_1_P_10,0.0172,0,0.20639583,0.77641,0,0,0,0,1144,10,1.5643,0.1564
TMB_PHI_1_P_5,0.0172,0,0.20639583,0.77641,0,0,0,0,1552,5,0.0483,0.0048
TMB_PHI_1_P_5,0.0172,0,0.20639583,0.77641,0,0,0,0,1496,5,0.0800,0.0080
TMB_PHI_1_P_5,0.0172,0,0.20639583,0.77641,0,0,0,0,1467,5,0.1048,0.0105
TMB_PHI_1_P_5,0.0172,0,0.20639583,0.77641,0,0,0,0,1438,5,0.1150,0.0115
TMB_PHI_1_P_5,0.0172,0,0.20639583,0.77641,0,0,0,0,1393,5,0.1717,0.0172
TMB_PHI_1_P_5,0.0172,0,0.20639583,0.77641,0,0,0,0,1362,5,0.2168,0.0217
TMB_PHI_1_P_5,0.0172,0,0.20639583,0.77641,0,0,0,0,1315,5,0.3298,0.0330
TMB_PHI_1_P_5,0.0172,0,0.20639583,0.77641,0,0,0,0,1288,5,0.4613,0.0461
TMB_PHI_1_P_5,0.0172,0,0.20639583,0.77641,0,0,0,0,1251,5,0.8614,0.0861
TMB_PHI_1_P_5,0.0172,0,0.20639583,0.77641,0,0,0,0,1217,5,1.0977,0.1098
TMB_PHI_1_P_2,0.0172,0,0.20639583,0.77641,0,0,0,0,1547,2,0.0610,0.0061
TMB_PHI_1_P_2,0.0172,0,0.20639583,0.77641,0,0,0,0,1523,2,0.0807,0.0081
TMB_PHI_1_P_2,0.0172,0,0.20639583,0.77641,0,0,0,0,1503,2,0.0954,0.0095
TMB_PHI_1_P_2,0.0172,0,0.20639583,0.77641,0,0,0,0,1465,2,0.1183,0.0118
TMB_PHI_1_P_2,0.0172,0,0.20639583,0.77641,0,0,0,0,1423,2,0.1833,0.0183
TMB_PHI_1_P_2,0.0172,0,0.20639583,0.77641,0,0,0,0,1407,2,0.2050,0.0205
TMB_PHI_1_P_2,0.0172,0,0.20639583,0.77641,0,0,0,0,1381,2,0.2788,0.0279
TMB_PHI_1_P_2,0.0172,0,0.20639583,0.77641,0,0,0,0,1353,2,0.3688,0.0369
TMB_PHI_1_P_2,0.0172,0,0.20639583,0.77641,0,0,0,0,1339,2,0.4878,0.0488
TMB_PHI_1_P_2,0.0172,0,0.20639583,0.77641,0,0,0,0,1305,2,0.6158,0.0616
TMB_PHI_1_P_2,0.0172,0,0.20639583,0.77641,0,0,0,0,1282,2,0.7703,0.0770
TMB_PHI_1_P_2,0.0172,0,0.20639583,0.77641,0,0,0,0,1258,2,1.2162,0.1216
TMB_PHI_2_P_10,0.03382,0,0.2029,0.76328,0,0,0,0,1478,10,0.0498,0.0050
TMB_PHI_2_P_10,0.03382,0,0.2029,0.76328,0,0,0,0,1449,10,0.0870,0.0087
TMB_PHI_2_P_10,0.03382,0,0.2029,0.76328,0,0,0,0,1414,10,0.1150,0.0115
TMB_PHI_2_P_10,0.03382,0,0.2029,0.76328,0,0,0,0,1399,10,0.1148,0.0115
TMB_PHI_2_P_10,0.03382,0,0.2029,0.76328,0,0,0,0,1389,10,0.1344,0.0134
TMB_PHI_2_P_10,0.03382,0,0.2029,0.76328,0,0,0,0,1383,10,0.1277,0.0128
TMB_PHI_2_P_10,0.03382,0,0.2029,0.76328,0,0,0,0,1371,10,0.1275,0.0127
TMB_PHI_2_P_10,0.03382,0,0.2029,0.76328,0,0,0,0,1347,10,0.1707,0.0171
TMB_PHI_2_P_10,0.03382,0,0.2029,0.76328,0,0,0,0,1311,10,0.2282,0.0228
TMB_PHI_2_P_10,0.03382,0,0.2029,0.76328,0,0,0,0,1310,10,0.2415,0.0241
TMB_PHI_2_P_10,0.03382,0,0.2029,0.76328,0,0,0,0,1279,10,0.3086,0.0309
TMB_PHI_2_P_10,0.03382,0,0.2029,0.76328,0,0,0,0,1274,10,0.3102,0.0310
TMB_PHI_2_P_10,0.03382,0,0.2029,0.76328,0,0,0,0,1242,10,0.3702,0.0370
TMB_PHI_2_P_10,0.03382,0,0.2029,0.76328,0,0,0,0,1236,10,0.4214,0.0421
TMB_PHI_2_P_10,0.03382,0,0.2029,0.76328,0,0,0,0,1217,10,0.5302,0.0530
TMB_PHI_2_P_10,0.03382,0,0.2029,0.76328,0,0,0,0,1186,10,0.6545,0.0654
TMB_PHI_2_P_10,0.03382,0,0.2029,0.76328,0,0,0,0,1186,10,0.7672,0.0767
TMB_PHI_2_P_10,0.03382,0,0.2029,0.76328,0,0,0,0,1161,10,1.0677,0.1068
TMB_PHI_2_P_10,0.03382,0,0.2029,0.76328,0,0,0,0,1159,10,1.2580,0.1258
TMB_PHI_2_P_5,0.03382,0,0.2029,0.76328,0,0,0,0,1558,5,0.0591,0.0059
TMB_PHI_2_P_5,0.03382,0,0.2029,0.76328,0,0,0,0,1538,5,0.0712,0.0071
TMB_PHI_2_P_5,0.03382,0,0.2029,0.76328,0,0,0,0,1538,5,0.0492,0.0049
TMB_PHI_2_P_5,0.03382,0,0.2029,0.76328,0,0,0,0,1497,5,0.0845,0.0084
TMB_PHI_2_P_5,0.03382,0,0.2029,0.76328,0,0,0,0,1493,5,0.0812,0.0081
TMB_PHI_2_P_5,0.03382,0,0.2029,0.76328,0,0,0,0,1469,5,0.1157,0.0116
TMB_PHI_2_P_5,0.03382,0,0.2029,0.76328,0,0,0,0,1410,5,0.1905,0.0190
TMB_PHI_2_P_5,0.03382,0,0.2029,0.76328,0,0,0,0,1390,5,0.2227,0.0223
TMB_PHI_2_P_5,0.03382,0,0.2029,0.76328,0,0,0,0,1341,5,0.3147,0.0315
TMB_PHI_2_P_5,0.03382,0,0.2029,0.76328,0,0,0,0,1293,5,0.4813,0.0481
TMB_PHI_2_P_5,0.03382,0,0.2029,0.76328,0,0,0,0,1275,5,0.6092,0.0609
TMB_PHI_2_P_5,0.03382,0,0.2029,0.76328,0,0,0,0,1270,5,0.7056,0.0706
TMB_PHI_2_P_5,0.03382,0,0.2029,0.76328,0,0,0,0,1249,5,0.8482,0.0848
TMB_PHI_2_P_2,0.03382,0,0.2029,0.76328,0,0,0,0,1587,2,0.0503,0.0050
TMB_PHI_2_P_2,0.03382,0,0.2029,0.76328,0,0,0,0,1531,2,0.1005,0.0100
TMB_PHI_2_P_2,0.03382,0,0.2029,0.76328,0,0,0,0,1491,2,0.1187,0.0119
TMB_PHI_2_P_2,0.03382,0,0.2029,0.76328,0,0,0,0,1488,2,0.1227,0.0123
TMB_PHI_2_P_2,0.03382,0,0.2029,0.76328,0,0,0,0,1444,2,0.1956,0.0196
TMB_PHI_2_P_2,0.03382,0,0.2029,0.76328,0,0,0,0,1431,2,0.2163,0.0216
TMB_PHI_2_P_2,0.03382,0,0.2029,0.76328,0,0,0,0,1414,2,0.2183,0.0218
TMB_PHI_2_P_2,0.03382,0,0.2029,0.76328,0,0,0,0,1375,2,0.3089,0.0309
TMB_PHI_2_P_2,0.03382,0,0.2029,0.76328,0,0,0,0,1340,2,0.5067,0.0507
TMB_PHI_2_P_2,0.03382,0,0.2029,0.76328,0,0,0,0,1305,2,0.6698,0.0670
TMB_PHI_2_P_2,0.03382,0,0.2029,0.76328,0,0,0,0,1286,2,0.8010,0.0801
TMB_PHI_2_P_2,0.03382,0,0.2029,0.76328,0,0,0,0,1255,2,1.3746,0.1375
