0.08000716946327635
0.08000716942014928
0.08000716960922893
0.08000716946302833
0.0800071694634856
0.0800071694621865
0.0800071694627388
0.08000716954540066
0.08000716948513562
0.08000716946272347
0.08000716947825252
0.08000716946394772
0.08000716946340827
0.080007169463004
0.08000716946543754
0.08000716961950115
0.08000716948911532
0.08000716953251155
0.08000716929419727
0.0800071694608498
0.08000716938346372
0.08000716942246608
0.08000716983856042
0.08000716931227356
0.08000716944587379
0.08000716921577816
0.08000716945983197
0.08000716936768046
0.08000716947852872
0.08000716945788501
0.08000716945486573
0.08000716939539963
0.08000716946490043
0.08000716946427487
0.08000716944619485
0.08000716947883085
0.08000716946324227
0.08000716945379827
0.08000716942548511
0.08000716945124768
0.08000716947881878
0.08000716946885253
0.08000716945511496
0.08000716945924916
0.08000716946510741
0.08000716945753236
0.08000716946333215
0.08000716946327635
0.0800071694548144
0.08000716937655834
0.08000716948195968
0.08000716946845712
0.08000716899268462
0.08000716944077299
0.08000716945580426
0.08000716938182734
0.07745670918679887
0.07745670914485984
0.0774567093289117
0.07745670918636406
0.077456709187113
0.07745670918582362
0.0774567091861106
0.07745670925217489
0.07745670920255776
0.07745670918630751
0.07745670920151948
0.0774567091874235
0.07745670918691694
0.077456709186535
0.07745670918884244
0.0774567093182284
0.0774567092083823
0.07745670924379779
0.07745670902146945
0.0774567091854009
0.07745670911939723
0.07745670914608244
0.07745670954496392
0.07745670903604887
0.07745670917120986
0.07745670894951906
0.07745670918346464
0.07745670909145963
0.07745670920200284
0.07745670918120007
0.07745670917859178
0.07745670912068497
0.07745670918859707
0.07745670918771366
0.07745670916982238
0.07745670920213611
0.07745670918672426
0.07745670917746478
0.07745670914886209
0.0774567091744989
0.07745670920223124
0.07745670919201932
0.07745670917852726
0.07745670918283978
0.07745670918843542
0.07745670918098518
0.07745670918669507
0.07745670918679887
0.07745670917857811
0.07745670910050796
0.07745670920546512
0.07745670919213347
0.0774567087173228
0.07745670916501067
0.07745670918150988
0.07745670910831867
0.06607773057379072
0.0660777305375464
0.06607773069762889
0.06607773057251913
0.06607773057456208
0.06607773057332489
0.0660777305723985
0.06607773056491753
0.06607773056299432
0.06607773057356371
0.06607773058726968
0.0660777305742156
0.06607773057386772
0.06607773057355393
0.06607773057531292
0.0660777305977578
0.06607773057690972
0.06607773057758805
0.066077730426433
0.0660777305767768
0.06607773056033518
0.0660777305339029
0.06607773085603545
0.06607773042566822
0.06607773056604989
0.06607773038449585
0.06607773057093541
0.06607773048060259
0.06607773058863439
0.06607773056738267
0.06607773056661215
0.06607773051611625
0.0660777305763123
0.06607773057432723
0.06607773055746542
0.0660777305880954
0.06607773057358221
0.06607773056517316
0.06607773053573293
0.06607773056040764
0.06607773058854144
0.06607773057733962
0.06607773056506194
0.06607773057016889
0.06607773057456567
0.06607773056777763
0.06607773057299295
0.06607773057379072
0.06607773056669558
0.06607773049027552
0.0660777305922223
0.06607773057970709
0.0660777301131513
0.06607773055544312
0.06607773057852065
0.06607773050941484
0.03483738787837131
0.03483738786753562
0.03483738792890912
0.03483738787544884
0.034837387879770476
0.034837387879183945
0.03483738787346498
0.03483738755494562
0.034837387765300334
0.03483738787847288
0.034837387885635916
0.03483738787843674
0.03483738787860948
0.03483738787801195
0.03483738787695931
0.034837387485412326
0.03483738781236074
0.03483738768260271
0.03483738783049368
0.0348373878950634
0.03483738802675878
0.034837387850813785
0.0348373879318062
0.03483738777533028
0.03483738789994409
0.03483738790674028
0.03483738787683471
0.03483738781488621
0.03483738788891506
0.034837387872499403
0.03483738787537802
0.034837387854318544
0.03483738788172196
0.03483738787800232
0.03483738786779314
0.034837387887277776
0.034837387878425684
0.034837387873682936
0.034837387850579674
0.034837387865995606
0.0348373878875419
0.03483738787694426
0.03483738787095047
0.03483738787622104
0.03483738787702861
0.034837387873440845
0.03483738787610909
0.03483738787837131
0.03483738787510344
0.034837387822953134
0.03483738789141286
0.03483738788319702
0.0348373875387282
0.03483738787213515
0.03483738789959819
0.03483738786060447
0.031664664885546936
0.03166466487660891
0.03166466492920504
0.03166466488266827
0.03166466488692286
0.03166466488634354
0.03166466488075829
0.03166466456988895
0.03166466477538767
0.031664664885589264
0.03166466489206286
0.031664664885630286
0.03166466488578723
0.03166466488518134
0.03166466488417892
0.03166466450380438
0.031664664821558275
0.03166466469556488
0.03166466484438411
0.0316646649016102
0.03166466502773077
0.03166466486034403
0.031664664927804766
0.03166466479135055
0.03166466490662238
0.03166466492077338
0.03166466488409239
0.031664664827594335
0.03166466489526604
0.03166466488014081
0.03166466488299292
0.03166466486473411
0.03166466488871561
0.03166466488517648
0.031664664875927596
0.03166466489375233
0.031664664885659784
0.03166466488129327
0.03166466486011851
0.03166466487411494
0.031664664893810354
0.031664664883969254
0.0316646648786999
0.03166466488356495
0.03166466488416579
0.03166466488096227
0.03166466488340966
0.031664664885546936
0.031664664882664686
0.03166466483499775
0.03166466489755449
0.031664664889958595
0.03166466519730765
0.03166466488033037
0.03166466490669198
0.03166466487120807
0.026779732756197588
0.026779732743718535
0.02677973280058682
0.026779732753288876
0.026779732757810454
0.026779732756789645
0.026779732753597376
0.026779732610770844
0.026779732699803566
0.02677973275619471
0.026779732762731837
0.026779732756260992
0.02677973275633586
0.026779732755942875
0.026779732756654205
0.02677973259565329
0.02677973272761674
0.026779732667733577
0.026779732688326445
0.026779732765586376
0.026779732835197818
0.026779732731366225
0.026779732810001265
0.02677973266359613
0.02677973276369195
0.026779732722108596
0.02677973275480225
0.02677973269897352
0.026779732765636
0.02677973275071413
0.026779732753826703
0.026779732735546784
0.0267797327592102
0.026779732755847052
0.026779732746735747
0.0267797327643995
0.026779732756137917
0.02677973275164868
0.026779732731263654
0.026779732745679834
0.026779732764336428
0.026779732755097492
0.02677973274962156
0.026779732754344563
0.026779732754839393
0.026779732751777398
0.026779732754509088
0.026779732756197588
0.02677973275364739
0.02677973270622457
0.026779732768300292
0.026779732760897144
0.026779733043416697
0.026779732751298982
0.026779732782259525
0.026779732742656
0.024858036904524337
0.024858036889123206
0.024858036948506457
0.024858036901600843
0.02485803690635884
0.024858036904940563
0.0248580369039791
0.02485803692091667
0.02485803690107636
0.02485803690447929
0.024858036910932767
0.02485803690454995
0.024858036904687922
0.024858036904381244
0.02485803690671059
0.02485803696008569
0.024858036910206036
0.024858036913717615
0.024858036811085185
0.024858036907615066
0.02485803693026641
0.02485803688031053
0.024858036961081693
0.024858036814588688
0.024858036899421804
0.02485803680606765
0.024858036903210753
0.024858036848674075
0.02485803691356698
0.024858036899015664
0.02485803690233888
0.024858036884445073
0.024858036907326624
0.02485803690413774
0.02485803689532609
0.02485803691255109
0.024858036904300718
0.02485803689971572
0.024858036880232776
0.02485803689513911
0.024858036912504638
0.0248580369039323
0.024858036898408688
0.024858036902875327
0.024858036903163745
0.024858036900279226
0.02485803690330013
0.024858036904524337
0.02485803690227141
0.02485803685564479
0.024858036916544413
0.024858036909364414
0.024858037163386706
0.024858036899975774
0.02485803693422181
0.024858036891851773
0.024423642063665745
0.024423642048220777
0.024423642106587665
0.024423642060735284
0.024423642065520633
0.02442364206405357
0.02442364206335861
0.024423642098787977
0.02442364206666883
0.024423642063607007
0.024423642069922105
0.02442364206368498
0.024423642063849477
0.02442364206353656
0.024423642066058446
0.024423642144030804
0.024423642073409402
0.02442364208448246
0.02442364196790405
0.024423642066012927
0.02442364208470221
0.024423642039800957
0.024423642116896047
0.024423641975177626
0.024423642057226698
0.02442364195888054
0.02442364206239173
0.024423642008632666
0.02442364207258701
0.024423642058194396
0.024423642061537486
0.024423642044080703
0.024423642066416035
0.024423642063267654
0.024423642054616525
0.024423642071539246
0.02442364206341035
0.02442364205886982
0.02442364203960665
0.02442364205467397
0.0244236420715576
0.024423642063193276
0.02442364205781665
0.024423642062090377
0.024423642062284708
0.02442364205946631
0.02442364206253691
0.024423642063665745
0.024423642061490766
0.024423642015444384
0.02442364207552744
0.02442364206844495
0.024423642313524764
0.024423642059220103
0.02442364209312923
0.024423642051239487
0.021895060620584942
0.02189506060671007
0.021895060656392018
0.02189506061770699
0.02189506062241321
0.021895060620885348
0.02189506062073686
0.02189506068898773
0.02189506063620157
0.021895060620449568
0.02189506062584457
0.021895060620600364
0.02189506062085694
0.021895060620487582
0.021895060623298095
0.02189506074134642
0.021895060637813515
0.021895060663241872
0.021895060525529125
0.02189506062152735
0.02189506063719016
0.02189506059919366
0.021895060652359355
0.021895060541932417
0.0218950606124527
0.02189506050959556
0.021895060619509896
0.021895060571340674
0.021895060628703777
0.02189506061549373
0.02189506061873155
0.021895060604114547
0.021895060623073052
0.021895060620131253
0.02189506061255869
0.021895060627432114
0.021895060620227332
0.02189506061611109
0.0218950605983721
0.02189506061358815
0.021895060627757874
0.021895060620553145
0.021895060616234786
0.021895060619348757
0.021895060619122636
0.021895060616675018
0.021895060619859262
0.021895060620584942
0.021895060618766324
0.02189506057716867
0.021895060631204017
0.021895060624793315
0.021895060824757326
0.021895060616694183
0.021895060646346255
0.021895060609538892
0.019286646205834396
0.019286646195114738
0.019286646233795647
0.01928664620318177
0.01928664620746891
0.019286646206069475
0.019286646205713187
0.019286646247990147
0.019286646214707666
0.019286646205620428
0.019286646209972953
0.019286646205903847
0.01928664620615419
0.019286646205734465
0.019286646208133085
0.01928664628714028
0.01928664621826276
0.019286646235529184
0.019286646124992486
0.019286646207458458
0.019286646229946993
0.01928664618782163
0.019286646220149934
0.019286646140002896
0.01928664620053623
0.019286646113838374
0.019286646204894838
0.019286646164496542
0.019286646212827423
0.019286646201436265
0.01928664620423505
0.019286646192694976
0.01928664620800476
0.019286646205341137
0.019286646199172044
0.019286646211479016
0.01928664620549294
0.019286646201969213
0.01928664618667566
0.019286646200627262
0.019286646211876004
0.019286646205971897
0.019286646202908275
0.019286646204832787
0.019286646204394825
0.019286646202388843
0.019286646205436502
0.019286646205834396
0.019286646204303558
0.01928664616916029
0.019286646214727313
0.019286646209173124
0.019286646367086234
0.01928664620257182
0.01928664622600035
0.0192866461964052
0.018117999916983332
0.01811799990901557
0.018117999941119026
0.018117999914489657
0.01811799991839405
0.018117999917175078
0.01811799991589464
0.018117999883588146
0.018117999902443636
0.01811799991674347
0.01811799992056245
0.018117999917125937
0.018117999917283335
0.018117999916848444
0.018117999918435424
0.01811799989980466
0.018117999914587114
0.01811799990482019
0.018117999855706494
0.018117999920964037
0.01811799995664313
0.01811799990087733
0.01811799992879848
0.018117999858121056
0.018117999917365776
0.018117999862731115
0.018117999916051324
0.018117999880174582
0.01811799992341324
0.01811799991312948
0.018117999915520194
0.0181179999053636
0.018117999918969792
0.018117999916520564
0.018117999911118437
0.01811799992207257
0.018117999916774187
0.018117999913599622
0.018117999899754735
0.018117999912401626
0.01811799992232422
0.01811799991701101
0.018117999914673145
0.018117999916035358
0.01811799991561223
0.018117999913888787
0.018117999916625223
0.018117999916983332
0.018117999915528246
0.018117999884184194
0.018117999924892256
0.018117999919709846
0.018118000062282147
0.018117999914041345
0.01811799993282613
0.018117999908305323
0.016669820668453437
0.016669820665267173
0.016669820683264787
0.016669820666507493
0.01666982066944674
0.01666982066855626
0.0166698206664372
0.016669820556783357
0.01666982063098584
0.016669820668091567
0.016669820670680183
0.016669820668705714
0.01666982066875989
0.016669820668309607
0.016669820668779194
0.01666982055368778
0.016669820651563885
0.01666982061546186
0.0166698206390459
0.01666982067441418
0.016669820713108546
0.016669820657715637
0.016669820673327396
0.016669820629162894
0.016669820675060187
0.016669820662513955
0.016669820667542478
0.016669820644073644
0.01666982067297502
0.016669820665926562
0.016669820667272343
0.016669820660817087
0.01666982066986831
0.0166698206680183
0.016669820664691543
0.016669820672055073
0.01666982066846081
0.016669820666155185
0.016669820656947453
0.01666982066559322
0.016669820671833726
0.016669820668359675
0.016669820667451117
0.016669820667663315
0.01666982066732459
0.01666982066625419
0.016669820668406103
0.016669820668453437
0.016669820667268177
0.01666982064650419
0.016669820673726948
0.016669820669775005
0.016669820570050398
0.01666982066640515
0.016669820676674694
0.016669820662109557
0.015511992315686247
0.015511992316788311
0.015511992319142753
0.015511992314593149
0.015511992316261356
0.01551199231577621
0.01551199231375504
0.015511992192526417
0.015511992276022965
0.015511992315104096
0.015511992316305961
0.015511992316007627
0.015511992316009932
0.015511992315590608
0.015511992315276689
0.015511992188032783
0.015511992297243335
0.015511992258638606
0.01551199231225364
0.015511992321305306
0.015511992342653469
0.015511992312110832
0.015511992312738055
0.0155119923024168
0.015511992324082933
0.015511992300852507
0.015511992314807627
0.015511992307552224
0.015511992317396113
0.015511992314744044
0.015511992314724386
0.015511992313186425
0.015511992316384535
0.015511992315257711
0.015511992314564365
0.015511992317359636
0.015511992315861301
0.015511992314688673
0.015511992312041289
0.015511992314788687
0.015511992316419544
0.015511992315474706
0.015511992315903974
0.015511992315035536
0.015511992314928625
0.015511992314511376
0.015511992316127854
0.015511992315686247
0.015511992314877642
0.015511992308213575
0.015511992317491816
0.01551199231541485
0.015511992275338851
0.015511992314740548
0.015511992317347473
0.015511992312543322
0.014921779330309
0.014921779331062177
0.014921779332463535
0.014921779329414372
0.014921779330912347
0.014921779330418447
0.014921779329342447
0.014921779275216408
0.0149217793126554
0.014921779329698867
0.014921779330681261
0.014921779330595929
0.014921779330675367
0.014921779330281696
0.0149217793303919
0.014921779282222413
0.014921779325096291
0.01492177931120771
0.014921779316826676
0.014921779333725642
0.014921779342780795
0.014921779327942563
0.014921779325168551
0.014921779321562972
0.014921779334364064
0.014921779348736761
0.014921779329475951
0.01492177932493672
0.014921779331368413
0.01492177932951138
0.014921779329374132
0.014921779328521406
0.014921779330904682
0.014921779329794407
0.014921779329618672
0.014921779331515695
0.014921779330369481
0.01492177932937492
0.014921779328032278
0.014921779329903639
0.014921779330584396
0.014921779330163837
0.014921779330734124
0.01492177932967938
0.014921779329614596
0.014921779329272319
0.014921779330994622
0.014921779330309
0.014921779329608975
0.01492177932537238
0.01492177933150252
0.014921779329905334
0.014921779356509589
0.014921779329578937
0.014921779332513842
0.014921779327951665
0.014771201333606964
0.014771201334212093
0.01477120133452888
0.01477120133288512
0.014771201334220347
0.014771201333739192
0.014771201333365916
0.014771201329276383
0.014771201332606464
0.014771201332972514
0.014771201333757174
0.014771201333862033
0.014771201334016876
0.014771201333636925
0.014771201334031462
0.014771201344825792
0.014771201338297815
0.01477120134288141
0.01477120131294795
0.014771201335379973
0.01477120133559363
0.014771201332310496
0.014771201326689501
0.014771201328853381
0.014771201334461036
0.014771201376618415
0.014771201332810346
0.01477120133067957
0.014771201334105305
0.014771201332954054
0.014771201332692835
0.014771201332470169
0.014771201334109522
0.014771201333025643
0.01477120133329911
0.01477120133441233
0.014771201333582609
0.014771201332755765
0.014771201332537018
0.01477120133359672
0.014771201333480278
0.014771201333505046
0.014771201334204344
0.014771201332999157
0.014771201332969603
0.014771201332696295
0.014771201334480556
0.014771201333606964
0.0147712013329933
0.014771201330915945
0.014771201334254368
0.014771201333060651
0.014771201348164195
0.01477120133305821
0.014771201336026522
0.014771201331906044
0.014753377725597176
0.01475337772628632
0.014753377726188378
0.014753377724906742
0.014753377726201874
0.014753377725734526
0.014753377725403145
0.014753377724118381
0.014753377725642903
0.014753377724955634
0.014753377725697783
0.014753377725844443
0.014753377726009294
0.014753377725636424
0.014753377726020638
0.01475337773996421
0.014753377730887736
0.014753377736611728
0.01475337770500301
0.014753377727257348
0.014753377726535191
0.014753377724538408
0.014753377718947316
0.014753377721714058
0.014753377726270568
0.014753377769791262
0.014753377724804622
0.014753377723205025
0.014753377725992707
0.014753377724993222
0.014753377724690105
0.014753377724623339
0.014753377726078527
0.014753377725016429
0.01475337772537495
0.0147533777263329
0.014753377725568612
0.014753377724787613
0.014753377724791848
0.014753377725643247
0.014753377725381992
0.014753377725495209
0.014753377726223784
0.014753377724995702
0.014753377724974074
0.01475337772471956
0.014753377726488385
0.014753377725597176
0.014753377725002221
0.01475337772339679
0.014753377726125887
0.014753377725004261
0.01475337773820654
0.014753377725084428
0.014753377727883887
0.014753377724011855
0.014670152799650327
0.014670152800838016
0.014670152798676095
0.014670152799083945
0.014670152800204206
0.014670152799815272
0.014670152799512526
0.014670152799429173
0.014670152800765794
0.014670152798974961
0.01467015279953426
0.014670152799861523
0.014670152800061021
0.01467015279972672
0.014670152799966118
0.014670152814431202
0.014670152805465802
0.014670152812312643
0.014670152781489632
0.01467015280115727
0.01467015279772077
0.014670152799612538
0.014670152794966905
0.014670152799491123
0.014670152800222954
0.014670152843435888
0.01467015279887419
0.014670152799541591
0.014670152799633953
0.014670152799271793
0.014670152798775806
0.014670152799438948
0.014670152800044188
0.014670152799096836
0.014670152799793184
0.014670152800110501
0.014670152799619461
0.014670152799055735
0.014670152799960853
0.01467015279989033
0.014670152799058946
0.014670152799540913
0.01467015280038706
0.014670152799078701
0.0146701527990899
0.014670152798913582
0.014670152800581938
0.014670152799650327
0.01467015279914113
0.014670152799548539
0.014670152799668566
0.014670152798842633
0.014670152804756158
0.01467015279928062
0.014670152801154909
0.014670152798518122
0.01457765152704063
0.014577651529035746
0.014577651523300079
0.01457765152664082
0.014577651527518404
0.014577651527283573
0.014577651526901292
0.014577651521721744
0.014577651528106098
0.014577651526300587
0.01457765152657839
0.014577651527170556
0.014577651527442075
0.01457765152718355
0.014577651527111072
0.014577651533999631
0.01457765153266703
0.014577651539506704
0.014577651540315066
0.014577651528522409
0.01457765152189629
0.014577651528571767
0.014577651525898646
0.014577651532642111
0.014577651527811387
0.014577651567330442
0.014577651526304802
0.014577651530421374
0.014577651526413153
0.01457765152699802
0.014577651526202575
0.014577651528190941
0.01457765152732216
0.014577651526560308
0.014577651527731541
0.014577651527089333
0.014577651527005105
0.014577651526818705
0.014577651528997392
0.014577651527517124
0.014577651525883157
0.014577651526937473
0.014577651527919809
0.014577651526534726
0.014577651526573237
0.014577651526488962
0.014577651527991231
0.01457765152704063
0.014577651526690362
0.014577651530188565
0.014577651526261793
0.01457765152590512
0.0145776515328128
0.014577651526862728
0.014577651527293558
0.014577651526556656
0.014573494061043614
0.01457349406301922
0.014573494057535467
0.014573494060620574
0.014573494061525808
0.01457349406128069
0.014573494060836582
0.014573494051124711
0.014573494060347345
0.01457349406030792
0.014573494060615174
0.014573494061171638
0.014573494061440102
0.014573494061181821
0.014573494061093132
0.014573494063150881
0.014573494065674972
0.014573494070621477
0.014573494073796791
0.01457349406267644
0.0145734940568383
0.014573494062423767
0.014573494060210513
0.014573494066072426
0.014573494062098848
0.014573494099148229
0.01457349406030204
0.01457349406407418
0.014573494060490086
0.014573494060976102
0.014573494060204977
0.014573494062077691
0.014573494061334683
0.014573494060570227
0.014573494061681902
0.014573494061146424
0.01457349406101227
0.014573494060803055
0.01457349406283655
0.014573494061472429
0.014573494059943458
0.014573494060938146
0.014573494061900954
0.014573494060538487
0.014573494060568948
0.01457349406048001
0.014573494061976729
0.014573494061043614
0.014573494060683513
0.014573494063871649
0.014573494060342205
0.01457349405993274
0.014573494065373926
0.014573494060845583
0.014573494061314711
0.01457349406047902
0.014568569185604086
0.014568569187470936
0.01456856918266203
0.014568569185133863
0.014568569186100961
0.014568569185828916
0.014568569185319638
0.014568569170727602
0.01456856918250206
0.014568569184877473
0.014568569185251548
0.014568569185726032
0.014568569185995405
0.01456856918573534
0.014568569185652821
0.014568569183007344
0.014568569188903703
0.014568569191248723
0.0145685691982969
0.014568569187414756
0.01456856918287663
0.014568569186647652
0.014568569185417034
0.014568569189373057
0.014568569186954863
0.014568569221428865
0.014568569184852383
0.01456856918786263
0.014568569185201156
0.014568569185472342
0.014568569184762408
0.014568569186364401
0.014568569185916942
0.014568569185137608
0.014568569186126645
0.014568569185815745
0.01456856918557358
0.014568569185309445
0.014568569187036058
0.014568569185942435
0.014568569184629196
0.014568569185497557
0.014568569186417406
0.014568569185102152
0.014568569185112576
0.014568569185013773
0.014568569186513076
0.014568569185604086
0.01456856918522177
0.014568569187729294
0.014568569185069501
0.01456856918455222
0.014568569187084802
0.01456856918536487
0.014568569186004767
0.014568569184879697
0.014563917955332855
0.01456391795702928
0.014563917953069891
0.014563917954812327
0.01456391795585018
0.014563917955544575
0.01456391795501547
0.014563917938701047
0.014563917950538421
0.014563917954616139
0.014563917955066539
0.014563917955445685
0.014563917955722632
0.014563917955458828
0.014563917955414193
0.014563917951923536
0.014563917957734727
0.014563917958233046
0.014563917968757178
0.01456391795722864
0.014563917953830828
0.014563917955993853
0.014563917955873218
0.014563917957680937
0.014563917956772324
0.014563917990446939
0.014563917954571423
0.01456391795671969
0.01456391795509049
0.014563917955121982
0.014563917954486043
0.014563917955772457
0.014563917955670034
0.014563917954868137
0.014563917955724426
0.014563917955660536
0.014563917955298029
0.014563917954968694
0.014563917956357284
0.014563917955579462
0.014563917954499399
0.014563917955228581
0.014563917956100441
0.014563917954836067
0.014563917954821558
0.014563917954712173
0.014563917956225317
0.014563917955332855
0.014563917954925168
0.014563917956666433
0.014563917954983999
0.014563917954352057
0.01456391795384241
0.014563917955049036
0.014563917955941795
0.014563917954437313
0.014557133120083
0.014557133121479429
0.014557133118865652
0.014557133119490908
0.014557133120634126
0.014557133120274268
0.014557133119772222
0.014557133104660024
0.014557133113649355
0.014557133119378372
0.014557133119945206
0.014557133120177174
0.014557133120473914
0.014557133120202757
0.014557133120248858
0.014557133120029306
0.014557133121686465
0.01455713312037576
0.014557133135366596
0.01455713312199063
0.014557133119957554
0.014557133120173935
0.014557133121737271
0.01455713312032758
0.014557133121414028
0.014557133155944917
0.014557133119308185
0.01455713312017721
0.014557133120069295
0.014557133119748537
0.014557133119227399
0.014557133120035827
0.014557133120455182
0.014557133119616594
0.014557133120279637
0.014557133120575105
0.014557133120036722
0.014557133119606968
0.0145571331205018
0.014557133120203314
0.01455713311945995
0.01455713311998538
0.014557133120786348
0.014557133119596085
0.014557133119541989
0.014557133119417582
0.014557133120962172
0.014557133120083
0.014557133119637739
0.014557133120242701
0.014557133120007032
0.014557133119211602
0.014557133114420319
0.014557133119734294
0.014557133121053669
0.014557133118939646
0.01455118115365947
0.014551181154828596
0.014551181153134137
0.014551181153023996
0.014551181154235782
0.014551181153837554
0.014551181153400525
0.014551181142143698
0.014551181146684718
0.014551181152958866
0.014551181153603245
0.01455118115373587
0.014551181154053613
0.01455118115377621
0.01455118115390966
0.014551181159637527
0.014551181155084655
0.014551181153150634
0.01455118117072655
0.014551181155481532
0.014551181154045351
0.014551181153386147
0.014551181156094686
0.014551181152573527
0.014551181154730704
0.014551181191399523
0.014551181152876411
0.014551181152934278
0.014551181153783763
0.014551181153242231
0.014551181152798477
0.014551181153296518
0.01455118115405161
0.0145511811531898
0.014551181153732506
0.014551181154249707
0.01455118115360285
0.0145511811531062
0.014551181153694233
0.01455118115370668
0.01455118115317159
0.014551181153568009
0.014551181154325013
0.014551181153182024
0.014551181153099448
0.0145511811529673
0.014551181154538793
0.01455118115365947
0.014551181153190876
0.014551181153075955
0.014551181153753577
0.014551181152860932
0.014551181145511842
0.014551181153270863
0.014551181154897301
0.01455118115236338
0.014542808173543321
0.014542808174531345
0.014542808173483867
0.01454280817288245
0.014542808174139329
0.014542808173712613
0.014542808173374427
0.014542808167996971
0.014542808166392323
0.014542808172836744
0.014542808173538292
0.014542808173597344
0.014542808173940614
0.014542808173658429
0.014542808173885674
0.014542808187947686
0.014542808175032451
0.014542808172864102
0.014542808192349174
0.014542808175209906
0.014542808173847246
0.014542808173036482
0.01454280817663455
0.01454280817162159
0.014542808174247721
0.014542808213891385
0.0145428081727536
0.014542808172302912
0.014542808173745382
0.014542808173070293
0.01454280817268011
0.01454280817297613
0.014542808173942991
0.014542808173071993
0.014542808173538384
0.014542808174188654
0.014542808173478444
0.014542808172936015
0.01454280817333765
0.014542808173549604
0.014542808173143644
0.014542808173455117
0.014542808174186553
0.014542808173078379
0.014542808172971015
0.014542808172838156
0.014542808174432506
0.014542808173543321
0.014542808173061132
0.014542808172492122
0.014542808173741343
0.014542808172795615
0.014542808163946439
0.014542808173132383
0.014542808174984535
0.01454280817215911
0.014527407398568521
0.014527407399428765
0.014527407398725961
0.014527407397901012
0.014527407399179128
0.014527407398733339
0.01452740739854039
0.014527407401400502
0.014527407390976842
0.014527407397838915
0.014527407398580492
0.01452740739858589
0.014527407398966196
0.014527407398681793
0.01452740739901902
0.014527407424512397
0.014527407400081179
0.014527407397421825
0.014527407418978896
0.01452740740000147
0.014527407398114993
0.014527407397969242
0.01452740740233492
0.014527407396350531
0.014527407398800204
0.014527407442121327
0.01452740739777162
0.014527407397145805
0.014527407398781111
0.014527407398071505
0.014527407397710532
0.014527407397921738
0.014527407398956752
0.014527407398102488
0.014527407398535627
0.014527407399220465
0.014527407398502674
0.014527407397934138
0.014527407398282247
0.014527407398562816
0.014527407398209187
0.01452740739847684
0.014527407399204991
0.014527407398123762
0.014527407397992078
0.014527407397869844
0.014527407399478439
0.014527407398568521
0.014527407398084896
0.01452740739735083
0.014527407398797149
0.014527407397848085
0.014527407388558755
0.014527407398156125
0.014527407400130556
0.014527407397168951
0.014508287754721367
0.014508287755499496
0.01450828775507738
0.014508287754041558
0.014508287755342733
0.014508287754880958
0.01450828775477298
0.014508287761589031
0.014508287745445941
0.014508287753965989
0.014508287754752814
0.014508287754702216
0.01450828775511304
0.014508287754828436
0.01450828775524314
0.014508287786940506
0.014508287755606265
0.014508287751298801
0.014508287775831626
0.014508287756046581
0.014508287754019742
0.014508287754018323
0.014508287759121349
0.014508287752152769
0.014508287754756221
0.014508287799285265
0.014508287753911999
0.01450828775308675
0.014508287754959538
0.014508287754204622
0.014508287753868915
0.014508287753995585
0.014508287755097151
0.014508287754267993
0.01450828775465522
0.01450828775539302
0.014508287754664577
0.014508287754067664
0.014508287754343893
0.014508287754684825
0.014508287754408782
0.014508287754619112
0.014508287755345125
0.014508287754297706
0.01450828775414038
0.014508287754030328
0.014508287755639828
0.014508287754721367
0.014508287754233322
0.014508287753307094
0.014508287754991713
0.01450828775402619
0.014508287765540657
0.014508287754304475
0.014508287756350793
0.014508287753289356
0.014491280653906341
0.014491280654514046
0.014491280655031372
0.01449128065316291
0.014491280654550121
0.014491280654047303
0.014491280653893598
0.014491280656381562
0.01449128064136799
0.014491280653144534
0.014491280654039726
0.014491280653863192
0.014491280654288187
0.014491280653999426
0.014491280654454989
0.014491280682788231
0.014491280653281313
0.014491280645917261
0.014491280675228996
0.014491280655374826
0.01449128065484575
0.014491280652754226
0.014491280659000204
0.014491280649670386
0.014491280654190208
0.014491280696109459
0.014491280653070432
0.014491280651253486
0.014491280654333806
0.014491280653299965
0.01449128065304783
0.014491280652814891
0.014491280654302077
0.014491280653465362
0.014491280653681852
0.014491280654722384
0.014491280653860798
0.014491280653178106
0.014491280653060205
0.01449128065373936
0.01449128065376609
0.014491280653790385
0.014491280654472328
0.014491280653501021
0.014491280653303098
0.014491280653187583
0.014491280654800128
0.014491280653906341
0.014491280653380612
0.014491280651561201
0.014491280654399436
0.014491280653290734
0.014491280668511677
0.014491280653438212
0.014491280655754009
0.014491280652259101
0.014442798145369315
0.014442798145551055
0.014442798148324137
0.014442798144460292
0.014442798146067649
0.014442798145465282
0.014442798145173647
0.014442798135595703
0.014442798125341782
0.014442798144572597
0.014442798145754863
0.014442798145259568
0.014442798145722212
0.014442798145418993
0.014442798145971871
0.014442798164256504
0.01444279814163242
0.014442798128068798
0.014442798166975055
0.014442798147157621
0.014442798150552235
0.014442798143103144
0.01444279815136219
0.014442798137007214
0.014442798146264806
0.014442798181046617
0.01444279814444941
0.014442798140189452
0.014442798146266107
0.01444279814453043
0.014442798144483909
0.014442798143407707
0.014442798145815392
0.014442798144962443
0.014442798144738204
0.014442798146553923
0.01444279814536882
0.014442798144459399
0.014442798143360332
0.014442798144855412
0.014442798145660875
0.014442798145203535
0.014442798145791897
0.01444279814502423
0.014442798144706868
0.014442798144578028
0.014442798146196248
0.014442798145369315
0.014442798144732096
0.01444279814070918
0.01444279814642215
0.014442798144944013
0.014442798169421331
0.01444279814477456
0.014442798147823415
0.014442798143170104
0.014378644724761816
0.014378644724423783
0.014378644729405107
0.014378644723675319
0.014378644725524593
0.014378644724819064
0.014378644724443298
0.01437864470746658
0.014378644700321797
0.01437864472389655
0.014378644725396265
0.01437864472456916
0.014378644725085397
0.014378644724760305
0.014378644725450761
0.01437864473767851
0.01437864471986448
0.014378644703997983
0.014378644747623034
0.014378644726626432
0.014378644733744112
0.01437864472137794
0.01437864473063037
0.01437864471231693
0.014378644725845397
0.014378644755987812
0.014378644723733586
0.014378644717045832
0.014378644726112222
0.01437864472366315
0.014378644723828715
0.01437864472201754
0.01437864472526599
0.014378644724391784
0.014378644723696741
0.01437864472631913
0.014378644724819483
0.014378644723667294
0.014378644721574985
0.01437864472387654
0.01437864472549193
0.014378644724534845
0.014378644725045357
0.014378644724501273
0.014378644724030786
0.014378644723882198
0.01437864472552538
0.014378644724761816
0.014378644723989073
0.014378644717777707
0.01437864472638037
0.014378644724525096
0.014378644757919713
0.01437864472404317
0.014378644728046728
0.014378644721986274
0.014266754345402938
0.014266754343224424
0.014266754353290377
0.014266754343893445
0.014266754346395731
0.014266754345412214
0.014266754345452444
0.014266754358625094
0.014266754329368012
0.01426675434429498
0.014266754346590775
0.014266754344949728
0.014266754345676215
0.014266754345293205
0.014266754346514563
0.014266754374079512
0.014266754345313116
0.014266754338675502
0.014266754378870516
0.014266754346304308
0.01426675435810284
0.014266754339469199
0.01426675434943482
0.014266754323954373
0.014266754344523281
0.014266754384119838
0.01426675434408416
0.014266754331864279
0.014266754347687564
0.014266754343594763
0.014266754344313752
0.01426675434128552
0.014266754346117787
0.014266754345118158
0.01426675434324778
0.014266754347739398
0.014266754345528243
0.014266754343861309
0.01426675433942861
0.014266754343643592
0.014266754347120183
0.014266754345074142
0.014266754345392391
0.014266754345361265
0.014266754344481157
0.01426675434421752
0.014266754346076205
0.014266754345402938
0.01426675434428487
0.014266754333115424
0.014266754348296823
0.014266754345636096
0.014266754396974887
0.014266754344409388
0.014266754351602712
0.01426675434122761
0.014198911175593533
0.014198911173966135
0.014198911182095209
0.014198911174179138
0.014198911176504915
0.014198911175645748
0.014198911175335113
0.014198911169310652
0.014198911162780934
0.014198911174502784
0.014198911176584889
0.014198911175227558
0.014198911175869133
0.01419891117548824
0.014198911176495445
0.014198911188537026
0.014198911176384235
0.014198911172116331
0.014198911204499676
0.014198911176759432
0.014198911188059094
0.014198911170442162
0.014198911177137157
0.014198911156932337
0.0141989111754296
0.01419891120860655
0.014198911174316906
0.014198911163847288
0.01419891117760419
0.014198911173989612
0.014198911174498927
0.014198911172092361
0.01419891117626156
0.014198911175304127
0.014198911173722899
0.014198911177732152
0.014198911175778765
0.0141989111742071
0.014198911170467007
0.014198911174048609
0.014198911177030519
0.014198911175260669
0.014198911175698747
0.014198911175539534
0.014198911174702903
0.014198911174471484
0.014198911176258797
0.014198911175593533
0.014198911174518975
0.014198911164911527
0.01419891117811971
0.014198911175656416
0.01419891122111238
0.014198911174678834
0.014198911181104952
0.014198911171803013
0.014136880038514228
0.014136880037054444
0.014136880043951274
0.014136880037145659
0.014136880039383124
0.014136880038618911
0.014136880038100309
0.014136880026359315
0.014136880036813565
0.014136880037389506
0.014136880039369134
0.014136880038194867
0.01413688003878628
0.014136880038405387
0.014136880039288886
0.01413688004151196
0.01413688004296228
0.014136880046606596
0.014136880065708764
0.014136880039587149
0.01413688004963458
0.014136880033860134
0.01413688003688216
0.014136880021674183
0.014136880038312625
0.014136880070610511
0.01413688003722813
0.01413688002793042
0.014136880040330334
0.014136880037023755
0.014136880037385908
0.01413688003552578
0.014136880039175737
0.01413688003823381
0.01413688003678659
0.014136880040530687
0.014136880038768708
0.014136880037222061
0.014136880033943477
0.014136880037076593
0.014136880039776933
0.014136880038161987
0.014136880038714692
0.014136880038488007
0.014136880037624007
0.014136880037413114
0.014136880039174347
0.014136880038514228
0.014136880037425829
0.014136880028862885
0.01413688004081785
0.014136880038464847
0.014136880079267266
0.014136880037655805
0.014136880043937977
0.014136880034961859
0.014104155840355887
0.014104155839199353
0.014104155844953632
0.014104155839071724
0.014104155841172462
0.014104155840488497
0.014104155839850096
0.014104155823693556
0.014104155843499045
0.014104155839233678
0.014104155841074847
0.014104155840075233
0.014104155840626827
0.014104155840263049
0.014104155841027557
0.014104155837898827
0.014104155846330568
0.014104155853349669
0.01410415586551919
0.01410415584142879
0.014104155849799963
0.014104155836299783
0.014104155838099552
0.01410415582564045
0.014104155840246716
0.014104155871724372
0.014104155839094046
0.014104155831171644
0.014104155841937482
0.014104155839024527
0.01410415583924036
0.014104155837752323
0.014104155840971057
0.014104155840072137
0.014104155838854793
0.01410415584220854
0.014104155840639211
0.014104155839169769
0.014104155836479197
0.014104155839079327
0.014104155841398392
0.014104155839996142
0.014104155840638085
0.01410415584033178
0.014104155839494995
0.014104155839332326
0.014104155841033124
0.014104155840355887
0.014104155839303481
0.01410415583196728
0.01410415584237698
0.014104155840183147
0.0141041558761569
0.014104155839573269
0.014104155845370907
0.014104155837135745
0.014008446332253751
0.014008446331361427
0.014008446335101883
0.014008446331154008
0.014008446332986039
0.01400844633247003
0.014008446331871316
0.014008446331741434
0.014008446359095412
0.014008446331062744
0.014008446332678299
0.014008446331984151
0.014008446332507706
0.014008446332205592
0.01400844633280592
0.014008446329855852
0.014008446345248076
0.014008446366834139
0.0140084463564997
0.014008446332742135
0.014008446334647845
0.01400844632949255
0.0140084463287742
0.014008446322173011
0.014008446331122778
0.014008446370257865
0.014008446331006692
0.014008446326134783
0.014008446333264195
0.014008446331245527
0.014008446331159479
0.014008446330519715
0.014008446332773985
0.014008446331980671
0.014008446331210275
0.014008446333740722
0.014008446332604268
0.01400844633127861
0.014008446329935193
0.014008446331292414
0.014008446332835864
0.014008446331861418
0.014008446332719898
0.014008446332301085
0.014008446331436492
0.014008446331414487
0.01400844633300282
0.014008446332253751
0.014008446331243346
0.014008446326639341
0.014008446333669227
0.014008446331826368
0.014008446355974064
0.014008446331656833
0.01400844633683856
0.014008446329816767
0.013955528426274367
0.01395552842560095
0.013955528428101318
0.013955528425298572
0.013955528426955037
0.013955528426531525
0.013955528426043973
0.013955528437783355
0.013955528463247036
0.013955528425038418
0.01395552842651733
0.01395552842597725
0.013955528426510511
0.013955528426259722
0.013955528426767755
0.013955528426421058
0.013955528441771389
0.01395552846844404
0.013955528449641121
0.013955528426443395
0.013955528424526818
0.013955528424344136
0.013955528423927306
0.013955528419150468
0.013955528424576716
0.013955528467858972
0.013955528425054499
0.013955528422095596
0.01395552842691888
0.01395552842547738
0.013955528425217207
0.01395552842505091
0.013955528426709414
0.013955528426013754
0.013955528425536646
0.013955528427531514
0.013955528426648885
0.013955528425444908
0.013955528424942043
0.013955528425507943
0.013955528426568938
0.013955528425867277
0.013955528426832023
0.013955528426372472
0.013955528425494806
0.013955528425574041
0.013955528427070376
0.013955528426274367
0.013955528425316683
0.013955528422436655
0.013955528427294922
0.013955528425685
0.013955528442865555
0.013955528425794918
0.013955528430397357
0.013955528424348924
0.013883970388475976
0.013883970388045853
0.013883970389405377
0.013883970387608505
0.013883970389115442
0.013883970388764903
0.013883970388431342
0.013883970410089815
0.013883970428621899
0.013883970387188891
0.013883970388557652
0.013883970388104119
0.013883970388682335
0.013883970388497667
0.013883970388929145
0.013883970391906102
0.013883970404209835
0.013883970431211375
0.013883970410563058
0.013883970388424947
0.013883970383656411
0.013883970387286643
0.013883970389508473
0.013883970383993045
0.013883970386380956
0.013883970432085807
0.013883970387295982
0.013883970386001698
0.013883970388800697
0.013883970387871026
0.013883970387473119
0.013883970387715609
0.013883970388810804
0.013883970388242269
0.013883970388014762
0.013883970389534414
0.013883970388852886
0.013883970387797423
0.013883970388004591
0.01388397038786315
0.013883970388519483
0.013883970388067279
0.013883970389090103
0.013883970388641026
0.013883970387738186
0.013883970387918141
0.013883970389299746
0.013883970388475976
0.013883970387599224
0.013883970386230463
0.01388397038913353
0.013883970387737492
0.013883970399296735
0.013883970388101387
0.013883970392031863
0.013883970386992408
0.013817895470488664
0.013817895469931582
0.013817895471705878
0.013817895469607043
0.01381789547115131
0.013817895470769741
0.013817895470659895
0.013817895502057939
0.013817895506602049
0.013817895469148111
0.013817895470591646
0.013817895470007177
0.013817895470663203
0.013817895470516596
0.01381789547101384
0.013817895478770279
0.013817895484469008
0.0138178955076281
0.013817895493251384
0.013817895470317188
0.013817895465299426
0.013817895469206342
0.01381789547547686
0.013817895465670695
0.01381789546811231
0.013817895515275172
0.013817895469299606
0.013817895467834714
0.013817895470829528
0.013817895469875505
0.013817895469518329
0.013817895469642892
0.013817895470788037
0.013817895470290194
0.013817895469996686
0.013817895471570493
0.013817895470843732
0.013817895469817971
0.013817895469957335
0.013817895469816726
0.013817895470573213
0.01381789547008444
0.013817895471076144
0.013817895470723037
0.0138178954697508
0.013817895469974022
0.013817895471307871
0.013817895470488664
0.01381789546963182
0.013817895468116856
0.013817895471173559
0.013817895469748476
0.013817895482152839
0.013817895470127697
0.013817895474053906
0.013817895468959887
0.013753876187695984
0.013753876187313918
0.013753876189225736
0.013753876186768061
0.013753876188373067
0.013753876187941185
0.013753876187714384
0.013753876199509513
0.013753876206589855
0.013753876186341165
0.013753876187839631
0.013753876187135241
0.013753876187843813
0.01375387618770695
0.013753876188215193
0.013753876191290086
0.013753876197023555
0.01375387621063832
0.013753876207669843
0.01375387618789043
0.013753876185393293
0.013753876186222267
0.013753876195733122
0.013753876182169587
0.013753876186173736
0.01375387622476005
0.013753876186489572
0.013753876184630866
0.013753876188137682
0.01375387618707448
0.01375387618674489
0.013753876186706386
0.013753876187938352
0.01375387618753768
0.013753876187146755
0.01375387618885056
0.013753876188051508
0.013753876187046245
0.01375387618698277
0.013753876186924249
0.013753876187851307
0.013753876187286417
0.01375387618823917
0.013753876187980173
0.013753876186971402
0.013753876187212336
0.013753876188460341
0.013753876187695984
0.013753876186877768
0.013753876184984106
0.013753876188451093
0.013753876186938688
0.013753876202356054
0.01375387618732934
0.013753876191035524
0.013753876185974368
0.013733183461725099
0.013733183460297081
0.013733183465069423
0.013733183460681975
0.013733183462520211
0.013733183461905388
0.013733183462879729
0.013733183542111433
0.013733183482283357
0.013733183460164052
0.01373318346207495
0.01373318346090353
0.013733183461800545
0.013733183461662109
0.013733183462588932
0.01373318348290595
0.01373318347020224
0.013733183481808029
0.013733183488695852
0.013733183461099108
0.013733183456901018
0.013733183459296331
0.013733183473907336
0.013733183452755383
0.013733183458514295
0.013733183509345815
0.013733183460391821
0.013733183456677256
0.01373318346239501
0.01373318346088203
0.013733183460787574
0.013733183460003805
0.013733183461973697
0.013733183461617874
0.013733183460803733
0.01373318346309622
0.01373318346207637
0.013733183460904151
0.013733183460145447
0.013733183460668081
0.013733183462232165
0.0137331834612651
0.013733183462223067
0.013733183462161633
0.013733183460923282
0.013733183461225979
0.013733183462559423
0.013733183461725099
0.013733183460757662
0.013733183457196126
0.013733183462928853
0.013733183461082524
0.01373318348222887
0.013733183461335298
0.013733183466146095
0.013733183459541075
0.013628111142626178
0.013628111142209133
0.013628111144678228
0.013628111141608001
0.01362811114334439
0.013628111142790993
0.013628111142873685
0.013628111154118706
0.013628111143198996
0.013628111141131537
0.013628111142834506
0.013628111141903019
0.013628111142730909
0.013628111142520126
0.013628111143223315
0.013628111147080726
0.013628111147080443
0.013628111150610002
0.013628111159897626
0.013628111142853208
0.013628111143413123
0.013628111140747018
0.013628111149692238
0.01362811113556524
0.013628111141689827
0.01362811117001277
0.013628111141327155
0.013628111138712075
0.013628111143183156
0.013628111141945664
0.013628111141652003
0.013628111141404279
0.01362811114276123
0.013628111142530899
0.013628111141902526
0.0136281111439455
0.013628111143093575
0.01362811114196574
0.013628111141536508
0.013628111141671662
0.013628111142987523
0.01362811114213202
0.013628111143144219
0.013628111143040673
0.013628111141868772
0.01362811114215706
0.01362811114337238
0.013628111142626178
0.01362811114173741
0.013628111139115929
0.013628111143582398
0.013628111141818881
0.013628111161872724
0.013628111142253293
0.013628111145962567
0.013628111140583312
0.013574330959571678
0.013574330959634685
0.01357433096045448
0.013574330958610303
0.013574330960241228
0.013574330959733916
0.013574330959776684
0.013574330959908868
0.013574330953697158
0.013574330958012946
0.013574330959615782
0.013574330958823199
0.01357433095967063
0.013574330959408566
0.013574330960049152
0.013574330959809826
0.01357433096254624
0.013574330963103736
0.013574330972033208
0.013574330959883456
0.01357433096098783
0.01357433095831154
0.013574330963629203
0.013574330954684102
0.013574330959266355
0.013574330978916175
0.013574330958288786
0.013574330957025808
0.013574330959871542
0.013574330959058576
0.013574330958581633
0.013574330958886167
0.013574330959577047
0.013574330959500286
0.013574330959040192
0.013574330960788592
0.013574330960166612
0.013574330959056576
0.013574330959132833
0.01357433095873781
0.013574330959768227
0.01357433095902292
0.013574330960151747
0.01357433096003948
0.013574330958834377
0.013574330959172709
0.01357433096032122
0.013574330959571678
0.01357433095871002
0.013574330957291195
0.01357433096025938
0.013574330958582528
0.013574330975172655
0.01357433095926134
0.013574330962243811
0.013574330957824935
0.013532935533852238
0.013532935534237317
0.013532935533402301
0.013532935532984324
0.01353293553447425
0.013532935534013059
0.013532935534501191
0.013532935554079067
0.013532935527958697
0.013532935532156364
0.013532935533681045
0.013532935533028919
0.013532935533935893
0.013532935533599608
0.013532935534243036
0.01353293553545242
0.013532935536603313
0.013532935536783287
0.013532935543068536
0.013532935533841493
0.013532935533309195
0.013532935533409953
0.013532935534871565
0.013532935535883805
0.013532935533444259
0.013532935550006054
0.013532935532592277
0.013532935533145725
0.013532935533739706
0.01353293553356243
0.013532935532850404
0.013532935533816083
0.013532935533683729
0.013532935533801705
0.013532935533560017
0.01353293553492696
0.01353293553463285
0.013532935533499489
0.013532935534313638
0.013532935533197758
0.01353293553383821
0.01353293553321597
0.013532935534529273
0.01353293553440271
0.013532935533127491
0.013532935533558787
0.013532935534671546
0.013532935533852238
0.013532935532988023
0.013532935533211141
0.013532935534205821
0.013532935532625344
0.01353293554353812
0.013532935533638012
0.013532935535921631
0.013532935532605503
0.01352847080011573
0.013528470800728276
0.013528470799320163
0.013528470799262357
0.013528470800713845
0.01352847080027766
0.01352847080056233
0.013528470806218022
0.013528470792416281
0.013528470798432859
0.013528470799900697
0.01352847079932204
0.013528470800210364
0.013528470799854052
0.01352847080043991
0.013528470798595087
0.01352847080254643
0.013528470802040306
0.013528470807296971
0.01352847080023405
0.013528470800455954
0.013528470799857481
0.01352847080010857
0.013528470801494523
0.01352847080009771
0.013528470812531524
0.013528470798863174
0.013528470799814844
0.013528470799944963
0.013528470799881995
0.013528470799104391
0.013528470800227947
0.013528470799917754
0.013528470800067059
0.013528470799887213
0.01352847080116749
0.013528470800936391
0.013528470799805103
0.013528470800766027
0.013528470799499396
0.013528470800048363
0.013528470799463344
0.013528470800803475
0.013528470800661435
0.013528470799402477
0.013528470799838651
0.01352847080092167
0.01352847080011573
0.013528470799264515
0.013528470799834493
0.01352847080038757
0.01352847079883812
0.013528470808857945
0.013528470799913978
0.013528470801945282
0.013528470798953387
0.01352724923213513
0.01352724923281412
0.01352724923119552
0.013527249231288797
0.013527249232725035
0.01352724923229546
0.013527249232570591
0.01352724923669287
0.013527249224199706
0.013527249230443988
0.013527249231897834
0.013527249231342046
0.013527249232231479
0.013527249231861953
0.013527249232437127
0.013527249229884018
0.013527249234505264
0.01352724923387503
0.013527249238625524
0.013527249232252115
0.013527249232599183
0.013527249231962062
0.01352724923168202
0.013527249233216153
0.013527249232194161
0.01352724924338385
0.013527249230883361
0.013527249232029442
0.013527249231923834
0.013527249231929918
0.013527249231119356
0.013527249232315542
0.01352724923191642
0.013527249232088963
0.01352724923193145
0.013527249233178159
0.013527249232983601
0.013527249231843296
0.013527249232881362
0.01352724923153561
0.013527249232047745
0.013527249231469363
0.0135272492328306
0.013527249232686587
0.013527249231423908
0.013527249231869114
0.013527249232942955
0.01352724923213513
0.013527249231282927
0.013527249232024387
0.013527249232373577
0.013527249230827772
0.0135272492403363
0.013527249231942488
0.013527249233882186
0.013527249231022718
0.013525762399438578
0.013525762400154405
0.013525762398414886
0.013525762398594638
0.013525762400024424
0.01352576239959726
0.01352576239986413
0.01352576240286941
0.013525762391607365
0.013525762397739857
0.013525762399187806
0.013525762398643035
0.013525762399535275
0.013525762399156005
0.013525762399724372
0.013525762396521972
0.013525762401813128
0.013525762401191337
0.013525762405438945
0.013525762399549819
0.013525762400037545
0.013525762399313286
0.013525762398691856
0.013525762400350607
0.013525762399546922
0.013525762409779572
0.013525762398185226
0.013525762399448455
0.01352576239920077
0.013525762399251958
0.013525762398418668
0.013525762399662425
0.013525762399204536
0.013525762399396112
0.013525762399246563
0.013525762400480198
0.013525762400308778
0.013525762399159091
0.013525762400243684
0.01352576239884508
0.013525762399342587
0.013525762398761541
0.013525762400137021
0.013525762399997254
0.013525762398727461
0.013525762399180493
0.0135257624002457
0.013525762399438578
0.013525762398585002
0.013525762399428057
0.013525762399659455
0.013525762398109816
0.013525762407326085
0.013525762399252048
0.013525762401143636
0.013525762398356343
0.013521844694491442
0.013521844695229834
0.013521844693405947
0.013521844693641849
0.013521844695075079
0.013521844694646627
0.013521844694892184
0.01352184469595633
0.013521844687480663
0.01352184469277963
0.013521844694229597
0.013521844693683893
0.013521844694586796
0.0135218446941932
0.013521844694752958
0.013521844690235115
0.013521844696983367
0.013521844696597065
0.013521844699815938
0.013521844694588067
0.01352184469544492
0.013521844694392623
0.013521844693405389
0.013521844695305313
0.013521844694659231
0.013521844703320383
0.01352184469323044
0.013521844694583285
0.013521844694226202
0.013521844694324645
0.013521844693463266
0.013521844694759448
0.013521844694234071
0.013521844694460184
0.0135218446942975
0.013521844695544268
0.013521844695394695
0.013521844694225536
0.013521844695345038
0.013521844693890608
0.01352184469440075
0.013521844693794827
0.01352184469518678
0.013521844695067389
0.013521844693776585
0.013521844694243132
0.013521844695289552
0.013521844694491442
0.013521844693635286
0.013521844694550133
0.01352184469470751
0.013521844693133611
0.013521844702190585
0.013521844694311355
0.01352184469618561
0.013521844693431779
0.013517105461650266
0.013517105462362386
0.013517105460643525
0.013517105460787902
0.013517105462236988
0.013517105461807058
0.013517105461960732
0.013517105458595986
0.013517105455946808
0.013517105459947784
0.013517105461403481
0.01351710546084273
0.013517105461744333
0.013517105461358656
0.013517105461903961
0.013517105456205408
0.013517105464382208
0.013517105464461335
0.013517105466924412
0.013517105461781866
0.013517105462970368
0.01351710546148614
0.01351710546069559
0.013517105462680772
0.013517105461859096
0.013517105469983142
0.013517105460382197
0.013517105461606924
0.013517105461413837
0.013517105461468667
0.013517105460618805
0.013517105461891015
0.013517105461401441
0.013517105461626025
0.013517105461431804
0.013517105462719675
0.013517105462544905
0.013517105461377953
0.013517105462442674
0.013517105461024087
0.013517105461581747
0.013517105460955322
0.01351710546233048
0.013517105462229529
0.013517105460931518
0.013517105461396738
0.013517105462429096
0.013517105461650266
0.013517105460799875
0.013517105461592016
0.013517105461893743
0.01351710546030447
0.01351710546978235
0.013517105461463797
0.013517105463411666
0.013517105460551296
0.013502381685576686
0.01350238168588634
0.013502381685445215
0.013502381684627772
0.013502381686209592
0.013502381685737428
0.013502381685667782
0.013502381675973596
0.013502381687352027
0.013502381683909102
0.013502381685467723
0.013502381684735394
0.013502381685651847
0.013502381685329582
0.013502381685879479
0.013502381677841976
0.013502381689625679
0.01350238169231212
0.013502381693094275
0.013502381685757398
0.013502381687755265
0.013502381684831522
0.013502381686653835
0.013502381688596113
0.013502381685572475
0.0135023816958831
0.013502381684260573
0.013502381684297553
0.013502381685572757
0.013502381685242145
0.013502381684540512
0.01350238168546478
0.013502381685410809
0.013502381685580924
0.013502381685150193
0.013502381686762486
0.013502381686371492
0.013502381685211961
0.013502381685801963
0.013502381684772748
0.013502381685689503
0.013502381684909727
0.01350238168616776
0.013502381686177007
0.013502381684827675
0.013502381685275787
0.01350238168627548
0.013502381685576686
0.013502381684734903
0.013502381684432659
0.013502381686064898
0.013502381684358425
0.013502381697345611
0.013502381685340415
0.013502381687968416
0.013502381684145566
0.013499113916313863
0.013499113916447833
0.013499113916577682
0.013499113915334048
0.013499113916968546
0.013499113916469845
0.013499113916426013
0.013499113909598306
0.013499113919088304
0.013499113914649393
0.013499113916261428
0.01349911391545019
0.01349911391637963
0.013499113916076498
0.013499113916658378
0.013499113909178346
0.01349911392053323
0.013499113923565476
0.013499113925054146
0.013499113916474946
0.013499113918574229
0.013499113915330279
0.013499113918380231
0.013499113920163886
0.013499113916159558
0.013499113928131553
0.013499113914979278
0.013499113914524444
0.013499113916399469
0.013499113915915182
0.013499113915279465
0.01349911391603216
0.013499113916176161
0.01349911391632325
0.013499113915804115
0.013499113917543009
0.013499113917069674
0.013499113915906753
0.013499113916303632
0.013499113915445202
0.013499113916498948
0.013499113915656759
0.013499113916876835
0.013499113916922968
0.013499113915554296
0.013499113915996506
0.013499113916997882
0.013499113916313863
0.01349911391546698
0.013499113914716594
0.013499113916903345
0.01349911391514563
0.013499113929633896
0.013499113916059425
0.013499113918949788
0.013499113914744025
0.013493648409651575
0.013493648409592735
0.01349364841037742
0.01349364840863866
0.01349364841033132
0.01349364840979712
0.013493648409838698
0.01349364840833449
0.01349364841190627
0.013493648407983061
0.013493648409662207
0.01349364840875476
0.013493648409705393
0.013493648409418016
0.013493648410052649
0.013493648403897761
0.013493648413783175
0.013493648416651932
0.013493648419798967
0.013493648409779159
0.013493648411973288
0.013493648408398076
0.013493648412887842
0.013493648414447786
0.013493648409322984
0.013493648423208911
0.013493648408295585
0.013493648407285121
0.01349364840983562
0.013493648409179262
0.01349364840861849
0.01349364840916686
0.013493648409537942
0.013493648409664131
0.013493648409048405
0.013493648410927532
0.013493648410365404
0.013493648409194925
0.01349364840937613
0.013493648408712684
0.013493648409918908
0.013493648409002126
0.013493648410185227
0.01349364841027447
0.013493648408880973
0.013493648409319405
0.0134936484103257
0.013493648409651575
0.013493648408797939
0.013493648407540687
0.013493648410354176
0.013493648408534651
0.01349364842481232
0.01349364840937821
0.01349364841254945
0.013493648407917986
0.013482746084352166
0.013482746084089819
0.01348274608558463
0.013482746083304298
0.013482746085058622
0.0134827460844814
0.0134827460846489
0.013482746090047683
0.013482746085047003
0.013482746082671413
0.013482746084429908
0.013482746083410132
0.013482746084390337
0.01348274608411536
0.013482746084818477
0.013482746080484482
0.013482746088220978
0.01348274609057524
0.013482746095981163
0.013482746084437825
0.01348274608673142
0.013482746082807511
0.0134827460888907
0.013482746090166822
0.01348274608383317
0.013482746099679744
0.013482746082969899
0.013482746081371665
0.01348274608463777
0.013482746083797958
0.013482746083315416
0.013482746083645188
0.01348274608425301
0.013482746084367643
0.013482746083647135
0.013482746085675089
0.013482746085021657
0.013482746083839914
0.013482746083799223
0.013482746083338111
0.013482746084708853
0.01348274608370368
0.013482746084851715
0.013482746084998021
0.013482746083570897
0.01348274608401218
0.013482746085017325
0.013482746084352166
0.013482746083494986
0.013482746081695668
0.013482746085173686
0.013482746083283492
0.013482746101556429
0.013482746084060122
0.013482746087530738
0.013482746082431375
0.013451130581940498
0.013451130581316887
0.013451130584007914
0.013451130580836641
0.013451130582688979
0.013451130582041691
0.013451130582439482
0.013451130601458078
0.013451130581588224
0.013451130580226765
0.013451130582124965
0.013451130580906485
0.013451130581947364
0.013451130581685617
0.013451130582512804
0.01345113058143188
0.013451130585610637
0.013451130587562888
0.013451130596156524
0.013451130581929687
0.01345113058412004
0.013451130579920046
0.013451130588783309
0.013451130589390266
0.013451130581025898
0.01345113060057835
0.01345113058050448
0.013451130577991157
0.013451130582378743
0.013451130581245882
0.013451130580884818
0.013451130580884159
0.013451130581847546
0.013451130581964031
0.013451130581063363
0.01345113058333003
0.013451130582533891
0.01345113058133224
0.013451130580966966
0.013451130580801317
0.013451130582443073
0.013451130581275445
0.013451130582369944
0.013451130582646808
0.013451130581141163
0.013451130581607565
0.01345113058258558
0.013451130581940498
0.013451130581091604
0.013451130578427587
0.013451130582943229
0.013451130580936561
0.01345113060235825
0.013451130581621486
0.013451130585631488
0.01345113057969249
0.013373647948632356
0.013373647947049712
0.013373647952206774
0.01337364794744013
0.013373647949448987
0.01337364794872606
0.013373647949514221
0.013373648007984063
0.013373647968968179
0.0133736479468511
0.013373647949009195
0.013373647947419505
0.013373647948569902
0.013373647948336308
0.013373647949387276
0.013373647954033134
0.013373647954048103
0.013373647959117978
0.01337364796976434
0.013373647948258858
0.013373647947938092
0.013373647945746804
0.013373647961106919
0.013373647938393398
0.013373647946309885
0.013373647979049288
0.013373647947070764
0.013373647943072173
0.013373647949300689
0.013373647947679857
0.013373647947516604
0.013373647947053766
0.013373647948571725
0.013373647948684746
0.013373647947419777
0.013373647950119662
0.013373647949063601
0.013373647947829118
0.013373647947011142
0.01337364794726245
0.013373647949379898
0.013373647947901919
0.013373647948889043
0.013373647949488676
0.01337364794778181
0.013373647948356713
0.013373647949224365
0.013373647948632356
0.013373647947817428
0.013373647943693204
0.01337364794992666
0.013373647947739053
0.013373647973262261
0.01337364794827109
0.013373647953538544
0.013373647945793267
0.013284572586334689
0.013284572585307224
0.013284572589096169
0.01328457258522727
0.01328457258711509
0.013284572586385735
0.013284572587459402
0.013284572646789627
0.013284572581019309
0.013284572584490539
0.01328457258658516
0.013284572585106727
0.013284572586275861
0.013284572585933714
0.013284572587114685
0.013284572602186687
0.01328457258960579
0.013284572590426601
0.013284572605020424
0.013284572586080096
0.01328457258628891
0.01328457258391194
0.013284572595301553
0.013284572577641518
0.013284572584421901
0.013284572612584603
0.013284572584829452
0.01328457258167252
0.013284572586865532
0.013284572585416835
0.013284572585152973
0.013284572585039029
0.013284572586098688
0.013284572586347892
0.013284572585297737
0.01328457258765356
0.013284572586755205
0.013284572585555144
0.013284572585108569
0.013284572585147487
0.013284572586952204
0.013284572585559911
0.01328457258656236
0.013284572587242879
0.01328457258552596
0.01328457258613327
0.01328457258696974
0.013284572586334689
0.01328457258564431
0.01328457258224731
0.013284572587364296
0.013284572585309908
0.01328457260949715
0.0132845725859873
0.013284572590581536
0.013284572583574291
0.013208016599555424
0.013208016599497701
0.013208016600112513
0.01320801659859056
0.013208016600222049
0.013208016599640769
0.013208016600260072
0.013208016625578882
0.013208016590871577
0.013208016597707343
0.01320801659948412
0.013208016598380383
0.013208016599523883
0.013208016599103279
0.013208016600002903
0.013208016604969505
0.013208016602366613
0.013208016602266448
0.013208016609557973
0.013208016599525444
0.013208016600880234
0.013208016598411625
0.013208016602099614
0.013208016595212504
0.013208016598822443
0.013208016612152753
0.013208016598167038
0.013208016597592107
0.013208016599628251
0.013208016598953704
0.013208016598334786
0.01320801659921877
0.013208016599127806
0.01320801659959916
0.013208016598934372
0.013208016600646688
0.01320801660017321
0.013208016599044158
0.013208016599548624
0.013208016598662557
0.013208016599860517
0.013208016598730294
0.013208016599906102
0.013208016600467418
0.013208016598785677
0.013208016599428345
0.013208016600185349
0.013208016599555424
0.01320801659894614
0.013208016597921495
0.013208016600053068
0.013208016598256364
0.013208016614751674
0.01320801659931026
0.013208016602523673
0.013208016597634877
0.01317817968122521
0.013178179681563979
0.013178179681034803
0.013178179680300581
0.013178179681837522
0.013178179681341608
0.013178179681453041
0.013178179678752375
0.013178179675523281
0.013178179679424182
0.013178179681052747
0.013178179680108384
0.013178179681210163
0.013178179680783749
0.01317817968149732
0.013178179679496582
0.01317817968429459
0.013178179684520005
0.01317817968770245
0.013178179681432178
0.013178179683532867
0.013178179680513966
0.01317817968199407
0.013178179684070609
0.013178179681107861
0.0131781796880554
0.013178179679868701
0.013178179680184603
0.013178179681173907
0.013178179680718289
0.013178179679971135
0.013178179681227899
0.013178179680747703
0.013178179681284359
0.013178179680749523
0.013178179682229556
0.013178179681877525
0.013178179680799016
0.013178179681644918
0.013178179680424918
0.01317817968141939
0.013178179680382453
0.013178179681593268
0.013178179682134009
0.01317817968047764
0.013178179681134154
0.013178179681810842
0.01317817968122521
0.0131781796806735
0.01317817968044206
0.013178179681510901
0.013178179679850544
0.013178179693744607
0.013178179681009131
0.01317817968378634
0.013178179679565045
0.013166657610915554
0.013166657611436443
0.013166657610236863
0.013166657610040775
0.013166657611493339
0.013166657611053085
0.013166657611038253
0.013166657603855004
0.013166657608286595
0.013166657609131733
0.01316665761066766
0.013166657609840099
0.013166657610908074
0.013166657610485535
0.013166657611119062
0.013166657608241083
0.013166657614213026
0.013166657614769359
0.01316665761645303
0.013166657611183557
0.013166657612443195
0.013166657610536349
0.013166657611082051
0.013166657612620914
0.013166657610876462
0.013166657617572323
0.013166657609593773
0.01316665761057454
0.01316665761075963
0.013166657610457842
0.013166657609643532
0.013166657611130079
0.013166657610415132
0.013166657610969133
0.013166657610562658
0.013166657611821427
0.013166657611560025
0.013166657610528761
0.013166657611656994
0.01316665761021185
0.01316665761100258
0.013166657610064834
0.01316665761130328
0.013166657611812368
0.01316665761018687
0.013166657610855132
0.013166657611504208
0.013166657610915554
0.013166657610404153
0.013166657610781191
0.013166657611028362
0.013166657609501673
0.013166657621062797
0.013166657610722714
0.013166657613215388
0.013166657609471711
0.013156363952181902
0.013156363952884453
0.013156363950836985
0.013156363951398391
0.013156363952714068
0.013156363952343847
0.013156363952376475
0.013156363952886002
0.013156363953859109
0.013156363950409856
0.013156363951819669
0.013156363951167363
0.013156363952182256
0.013156363951771869
0.013156363952347282
0.013156363952982163
0.013156363955789424
0.013156363956774102
0.013156363957824397
0.013156363952441226
0.013156363951291347
0.013156363952309385
0.013156363951972979
0.01315636395220731
0.013156363951929068
0.013156363962271368
0.013156363950922904
0.013156363952904166
0.01315636395185408
0.013156363951774042
0.013156363950887071
0.013156363952670044
0.013156363951658846
0.013156363952208006
0.013156363952028342
0.013156363952902447
0.013156363952778959
0.013156363951830096
0.013156363953407678
0.013156363951651701
0.013156363952082722
0.01315636395132242
0.013156363952604489
0.013156363953050037
0.013156363951485013
0.013156363952170022
0.013156363952807159
0.013156363952181902
0.01315636395173034
0.013156363953037677
0.01315636395201588
0.013156363950721197
0.013156363958474132
0.013156363952027137
0.013156363954117303
0.013156363951079787
