#SpecName      Dummy     eps/k     sigma     Dummy     Dummy     Dummy
N2                 0    97.530     3.621     0.000     0.000     0.000
H2                 0    38.000     2.920     0.000     0.000     0.000
HE                 0    10.200     2.576     0.000     0.000     0.000
H                  0   145.000     2.050     0.000     0.000     0.000
AR                 0   136.500     3.330     0.000     0.000     0.000
O                  0    80.000     2.750     0.000     0.000     0.000
O2                 0   107.400     3.458     0.000     0.000     0.000
OH                 0    80.000     2.750     0.000     0.000     0.000
H2O                0   572.400     2.605     0.000     0.000     0.000
HO2                0   107.400     3.458     0.000     0.000     0.000
H2O2               0   107.400     3.458     0.000     0.000     0.000
C                  0    71.400     3.298     0.000     0.000     0.000
CO                 0    98.100     3.650     0.000     0.000     0.000
CH                 0    80.000     2.750     0.000     0.000     0.000
CH3                0   144.000     3.800     0.000     0.000     0.000
CH2O               0   498.000     3.590     0.000     0.000     0.000
HCO                0   498.000     3.590     0.000     0.000     0.000
T-CH2              0   144.000     3.800     0.000     0.000     0.000
S-CH2              0   144.000     3.800     0.000     0.000     0.000
CH3OH              0   481.800     3.626     0.000     0.000     0.000
C2H                0   265.300     3.721     0.000     0.000     0.000
C2H2               0   265.300     3.721     0.000     0.000     0.000
CO2                0   244.000     3.763     0.000     0.000     0.000
C2H3               0   265.300     3.721     0.000     0.000     0.000
C2H4               0   238.400     3.496     0.000     0.000     0.000
CH4                0   141.400     3.746     0.000     0.000     0.000
CH3O               0   417.000     3.690     0.000     0.000     0.000
CH3O2              0   481.800     3.626     0.000     0.000     0.000
C2H5               0   247.500     4.350     0.000     0.000     0.000
CH2CO              0   436.000     3.970     0.000     0.000     0.000
HCCO               0   150.000     2.500     0.000     0.000     0.000
O2CHO              0   436.000     3.970     0.000     0.000     0.000
HOCHO              0   436.000     3.970     0.000     0.000     0.000
CH3CHO             0   436.000     3.970     0.000     0.000     0.000
CH2OH              0   417.000     3.690     0.000     0.000     0.000
HOCH2O             0   470.600     4.410     0.000     0.000     0.000
OCHO               0   498.000     3.590     0.000     0.000     0.000
CH3CO2             0   436.000     3.970     0.000     0.000     0.000
HO2CHO             0   436.000     3.970     0.000     0.000     0.000
C3H2O              0   252.000     4.760     0.000     0.000     0.000
C3H3               0   324.800     4.290     0.000     0.000     0.000
HCCOH              0   436.000     3.970     0.000     0.000     0.000
H2C2               0   209.000     4.100     0.000     0.000     0.000
N-C4H3             0   357.000     5.180     0.000     0.000     0.000
S-C3H5             0   266.800     4.982     0.000     0.000     0.000
C4H4               0   357.000     5.180     0.000     0.000     0.000
I-C4H5             0   357.000     5.180     0.000     0.000     0.000
N-C4H5             0   357.000     5.180     0.000     0.000     0.000
CH2CHO             0   436.000     3.970     0.000     0.000     0.000
A-C3H5             0   266.800     4.982     0.000     0.000     0.000
C4H6               0   357.000     4.720     0.000     0.000     0.000
C2H3CHO            0   428.800     4.958     0.000     0.000     0.000
C2H5O              0   470.600     4.410     0.000     0.000     0.000
C3H6O1-2           0   403.600     4.968     0.000     0.000     0.000
C4H7               0   355.000     4.650     0.000     0.000     0.000
N-C3H7             0   303.400     4.810     0.000     0.000     0.000
I-C3H7             0   303.400     4.810     0.000     0.000     0.000
C2H5CO             0   424.600     4.820     0.000     0.000     0.000
C2H4O2H            0   470.600     4.410     0.000     0.000     0.000
C2H6               0   247.500     4.350     0.000     0.000     0.000
P-C4H8             0   345.700     5.088     0.000     0.000     0.000
C2H5CHO            0   435.200     4.662     0.000     0.000     0.000
C2H5O2             0   470.600     4.410     0.000     0.000     0.000
C2O                0   232.400     3.828     0.000     0.000     0.000
CH3COCH2           0   435.500     4.860     0.000     0.000     0.000
C2H5COCH2           0   454.000     5.413     0.000     0.000     0.000
CH3CO              0   436.000     3.970     0.000     0.000     0.000
CH3COCH2O           0   435.200     4.662     0.000     0.000     0.000
CH3CO3             0   436.000     3.970     0.000     0.000     0.000
CH3OCO             0   395.000     4.037     0.000     0.000     0.000
C2H5O2H            0   470.600     4.410     0.000     0.000     0.000
CH3CO3H            0   436.000     3.970     0.000     0.000     0.000
C3H2               0   209.000     4.100     0.000     0.000     0.000
C4H2               0   357.000     5.180     0.000     0.000     0.000
I-C4H3             0   357.000     5.180     0.000     0.000     0.000
A-C3H4             0   252.000     4.760     0.000     0.000     0.000
A1-C6H6            0   464.800     5.290     0.000     0.000     0.000
C5H5               0   400.000     5.200     0.000     0.000     0.000
P-C3H4             0   252.000     4.760     0.000     0.000     0.000
C5H4CH2            0   464.800     5.290     0.000     0.000     0.000
A1--C6H5           0   464.800     5.290     0.000     0.000     0.000
T-C3H5             0   266.800     4.982     0.000     0.000     0.000
C2H3CHCHO           0   464.200     5.009     0.000     0.000     0.000
C3H6               0   307.800     4.140     0.000     0.000     0.000
C3H5O              0   411.000     4.820     0.000     0.000     0.000
CH3CHCO            0   443.200     4.120     0.000     0.000     0.000
C3H6OOH1-2           0   435.200     4.662     0.000     0.000     0.000
I-C3H7O2           0   459.500     5.036     0.000     0.000     0.000
C6H12-1            0   423.400     5.850     0.000     0.000     0.000
C3H8               0   303.400     4.810     0.000     0.000     0.000
N-C3H7O            0   481.500     4.997     0.000     0.000     0.000
N-C3H7O2           0   481.500     4.997     0.000     0.000     0.000
CH3CHCHO           0   428.800     4.958     0.000     0.000     0.000
CH3COCH2O2           0   435.200     4.662     0.000     0.000     0.000
C3H6O1-3           0   403.600     4.968     0.000     0.000     0.000
ME2J               0   496.000     5.200     0.000     0.000     0.000
MEMJ               0   357.100     4.720     0.000     0.000     0.000
C3H6OOH-3J1           0   435.200     4.662     0.000     0.000     0.000
ME2DO              0   523.600     5.960     0.000     0.000     0.000
CH3COCH2O2H           0   435.200     4.662     0.000     0.000     0.000
C3KET12            0   464.200     5.009     0.000     0.000     0.000
C3KET13            0   464.200     5.009     0.000     0.000     0.000
C3H6OOH1-2O2           0   435.200     4.662     0.000     0.000     0.000
C3H6OOH1-3O2           0   435.200     4.662     0.000     0.000     0.000
C4H                0   357.000     5.180     0.000     0.000     0.000
C6H2               0   495.300     5.680     0.000     0.000     0.000
O-C6H4             0   464.800     5.290     0.000     0.000     0.000
C8H2               0   495.300     5.680     0.000     0.000     0.000
CDCCDCCJ           0   407.300     5.397     0.000     0.000     0.000
C2H3CHOCH2           0   454.000     5.413     0.000     0.000     0.000
C4H8-2             0   355.000     4.650     0.000     0.000     0.000
C4H7O              0   496.000     5.200     0.000     0.000     0.000
P-C4H9             0   352.000     5.240     0.000     0.000     0.000
C4H9CO             0   489.084     5.348     0.000     0.000     0.000
P-C4H9O2           0   496.000     5.200     0.000     0.000     0.000
C4H6O23            0   350.400     4.984     0.000     0.000     0.000
C2H5CHCO           0   464.200     5.009     0.000     0.000     0.000
S-C3H5CHO           0   464.200     5.009     0.000     0.000     0.000
C3H7CHO            0   464.200     5.009     0.000     0.000     0.000
MP2D2J             0   357.100     4.720     0.000     0.000     0.000
MP2D3J             0   468.500     5.230     0.000     0.000     0.000
MP2DMJ             0   357.100     4.720     0.000     0.000     0.000
MP2D               0   430.100     5.833     0.000     0.000     0.000
BAOJ               0   430.100     5.833     0.000     0.000     0.000
A2-C10H8           0   630.400     6.180     0.000     0.000     0.000
S-C5H5O            0   617.000     5.820     0.000     0.000     0.000
C5H4O              0   484.000     5.100     0.000     0.000     0.000
C5H6               0   400.000     5.200     0.000     0.000     0.000
CDCCJCDC           0   386.800     5.437     0.000     0.000     0.000
C9H8               0   630.400     6.180     0.000     0.000     0.000
T-C5H5O            0   484.000     5.100     0.000     0.000     0.000
C5H81-3            0   449.680     5.330     0.000     0.000     0.000
C5H9               0   396.800     5.458     0.000     0.000     0.000
C5H10              0   386.200     5.489     0.000     0.000     0.000
C5H11              0   440.735     5.041     0.000     0.000     0.000
C5H11O2-1           0   523.200     5.664     0.000     0.000     0.000
C5H11CO            0   534.323     5.625     0.000     0.000     0.000
N-C4H9CHO           0   476.000     5.778     0.000     0.000     0.000
MB2D               0   468.500     5.230     0.000     0.000     0.000
MB2J               0   468.500     5.230     0.000     0.000     0.000
MB2O               0   523.600     5.960     0.000     0.000     0.000
MBMJ               0   468.500     5.230     0.000     0.000     0.000
MB3J               0   468.500     5.230     0.000     0.000     0.000
MB3O               0   523.600     5.960     0.000     0.000     0.000
MB4J               0   468.500     5.230     0.000     0.000     0.000
MB-C5H10O2           0   468.000     2.050     0.000     0.000     0.000
C5H10OOH1-3           0   523.200     5.664     0.000     0.000     0.000
C5H10OOH1-3O2           0   523.200     5.664     0.000     0.000     0.000
NC5KET13           0   494.800     6.174     0.000     0.000     0.000
A1C2H5             0   546.200     6.000     0.000     0.000     0.000
A1O-C6H5O           0   410.000     5.920     0.000     0.000     0.000
P2-C12H10           0   676.500     6.310     0.000     0.000     0.000
A1C2H2             0   546.200     6.000     0.000     0.000     0.000
A1C2H3             0   546.200     6.000     0.000     0.000     0.000
OC6H4O             0   464.800     5.290     0.000     0.000     0.000
A1OH               0   410.000     5.920     0.000     0.000     0.000
C6H11              0   423.400     5.850     0.000     0.000     0.000
C6H13              0   510.730     5.780     0.000     0.000     0.000
N-C12H26           0   789.160     7.060     0.000     0.000     0.000
C6H13O-1           0   540.597     5.662     0.000     0.000     0.000
C6H13O2-1           0   588.653     5.943     0.000     0.000     0.000
C6H13CO            0   534.500     6.240     0.000     0.000     0.000
N-C5H11CHO           0   498.600     6.009     0.000     0.000     0.000
C6H12OOH1-3           0   588.653     5.943     0.000     0.000     0.000
C6H12OOH1-3O2           0   677.149     6.436     0.000     0.000     0.000
NC6KET13           0   467.000     6.548     0.000     0.000     0.000
A1CH2              0   495.300     5.680     0.000     0.000     0.000
A1CH2O             0   495.300     5.680     0.000     0.000     0.000
A1CHO              0   495.300     5.680     0.000     0.000     0.000
A1CH2OH            0   495.300     5.680     0.000     0.000     0.000
A1CH3*             0   495.300     5.680     0.000     0.000     0.000
OA1CH3             0   495.300     5.680     0.000     0.000     0.000
A1CH3              0   495.300     5.680     0.000     0.000     0.000
HOA1CH3            0   495.300     5.680     0.000     0.000     0.000
C7H13              0   457.800     6.173     0.000     0.000     0.000
C7H14              0   457.800     6.173     0.000     0.000     0.000
C8H17              0   612.840     6.270     0.000     0.000     0.000
C7H15              0   459.600     6.253     0.000     0.000     0.000
C7H15O             0   561.000     6.317     0.000     0.000     0.000
C7H15O2-1           0   561.000     6.317     0.000     0.000     0.000
C10H20-1           0   698.200     6.590     0.000     0.000     0.000
C7H15CO            0   534.500     6.240     0.000     0.000     0.000
N-C6H13CHO           0   534.500     6.240     0.000     0.000     0.000
C7H14OOH1-3           0   561.000     6.317     0.000     0.000     0.000
C7H14OOH1-3O2           0   600.600     7.229     0.000     0.000     0.000
NC7KET13           0   581.300     6.506     0.000     0.000     0.000
A1C2H*             0   535.600     5.720     0.000     0.000     0.000
A3-C14H10           0   772.000     6.960     0.000     0.000     0.000
A2--C10H7           0   630.400     6.180     0.000     0.000     0.000
A1C2H              0   535.600     5.720     0.000     0.000     0.000
A1C2H3*            0   546.200     6.000     0.000     0.000     0.000
A1C2H4             0   546.200     6.000     0.000     0.000     0.000
C8H9O2             0   546.200     6.000     0.000     0.000     0.000
A1CH3CH2           0   546.200     6.000     0.000     0.000     0.000
A1CH3CHO           0   546.200     6.000     0.000     0.000     0.000
A2CH3              0   693.100     6.470     0.000     0.000     0.000
A1CH3CH3           0   546.200     6.000     0.000     0.000     0.000
C8H15              0   608.980     6.110     0.000     0.000     0.000
C8H16-1            0   608.980     6.110     0.000     0.000     0.000
C8H17O2-1           0   612.840     6.270     0.000     0.000     0.000
C8H17CO            0   612.840     6.270     0.000     0.000     0.000
A1CHOCH2           0   546.200     6.000     0.000     0.000     0.000
A1CHOCHO           0   546.200     6.000     0.000     0.000     0.000
N-C7H15CHO           0   534.500     6.240     0.000     0.000     0.000
C8H8OOH            0   546.200     6.000     0.000     0.000     0.000
OC8H7OOH           0   546.200     6.000     0.000     0.000     0.000
C8OOH1-3           0   612.840     6.270     0.000     0.000     0.000
C8OOH1-3O2           0   612.840     6.270     0.000     0.000     0.000
C8KET1-3           0   612.840     6.270     0.000     0.000     0.000
C9H7               0   630.400     6.180     0.000     0.000     0.000
A2R5               0   693.100     6.470     0.000     0.000     0.000
C9H6O              0   630.400     6.180     0.000     0.000     0.000
C9H17              0   654.060     6.350     0.000     0.000     0.000
C9H18-1            0   654.060     6.350     0.000     0.000     0.000
C9H19              0   658.900     6.490     0.000     0.000     0.000
C9H19O2-1           0   658.900     6.490     0.000     0.000     0.000
N-C8H17CHO           0   612.840     6.270     0.000     0.000     0.000
C9OOH1-3           0   658.900     6.490     0.000     0.000     0.000
C9OOH1-3O2           0   658.900     6.490     0.000     0.000     0.000
C9KET1-3           0   658.900     6.490     0.000     0.000     0.000
A2*-C10H7           0   630.400     6.180     0.000     0.000     0.000
A2O-C10H7O           0   630.400     6.180     0.000     0.000     0.000
A2C2H2B            0   693.100     6.470     0.000     0.000     0.000
A2C2H2A            0   693.100     6.470     0.000     0.000     0.000
FLTN               0   834.900     7.240     0.000     0.000     0.000
A2OH               0   630.400     6.180     0.000     0.000     0.000
C10H19             0   698.200     6.590     0.000     0.000     0.000
C10H21             0   704.920     6.690     0.000     0.000     0.000
C10H21O2-1           0   704.920     6.690     0.000     0.000     0.000
C9H19CO            0   658.900     6.490     0.000     0.000     0.000
N-C9H19CHO           0   658.900     6.490     0.000     0.000     0.000
C10OOH1-3           0   704.920     6.690     0.000     0.000     0.000
C10OOH1-3O2           0   704.920     6.690     0.000     0.000     0.000
C10KET1-3           0   704.920     6.690     0.000     0.000     0.000
A2CH2              0   693.100     6.470     0.000     0.000     0.000
A2CHO              0   693.100     6.470     0.000     0.000     0.000
A2CH2O             0   693.100     6.470     0.000     0.000     0.000
C11H21             0   748.550     6.730     0.000     0.000     0.000
C11H22-1           0   748.550     6.730     0.000     0.000     0.000
C11H23-1           0   754.200     6.800     0.000     0.000     0.000
C11H23O2-1           0   754.200     6.800     0.000     0.000     0.000
A2C2HA*            0   693.100     6.470     0.000     0.000     0.000
A3--C14H9           0   772.000     6.960     0.000     0.000     0.000
A2C2HB*            0   693.100     6.470     0.000     0.000     0.000
A2R5-              0   693.100     6.470     0.000     0.000     0.000
A3R5               0   837.500     7.280     0.000     0.000     0.000
A2R5C2H2           0   772.000     6.960     0.000     0.000     0.000
A2C2HA             0   693.100     6.470     0.000     0.000     0.000
A2C2HB             0   693.100     6.470     0.000     0.000     0.000
P2--C12H9           0   676.500     6.310     0.000     0.000     0.000
C12H23             0   787.050     6.930     0.000     0.000     0.000
C12H24             0   787.050     6.930     0.000     0.000     0.000
C12H25             0   789.160     7.060     0.000     0.000     0.000
C12H25O            0   789.160     7.060     0.000     0.000     0.000
C12H25O2           0   789.160     7.060     0.000     0.000     0.000
C12O-R4            0   789.160     7.060     0.000     0.000     0.000
C12O-R5            0   789.160     7.060     0.000     0.000     0.000
C12OOH-T5           0   789.160     7.060     0.000     0.000     0.000
C12OOH-T6           0   789.160     7.060     0.000     0.000     0.000
C12OOH-T7           0   789.160     7.060     0.000     0.000     0.000
C12OOHO2-T6           0   789.160     7.060     0.000     0.000     0.000
C12OOHO2-T7           0   789.160     7.060     0.000     0.000     0.000
C12KET-T6           0   789.160     7.060     0.000     0.000     0.000
C12KET-T7           0   789.160     7.060     0.000     0.000     0.000
A2R5C2H*           0   772.800     6.940     0.000     0.000     0.000
A3R5-              0   837.500     7.280     0.000     0.000     0.000
A2R5C2H            0   772.800     6.940     0.000     0.000     0.000
A3*-C14H9           0   772.000     6.960     0.000     0.000     0.000
A4-C16H10           0   834.900     7.240     0.000     0.000     0.000
A4R5               0   834.900     7.240     0.000     0.000     0.000
A4--C16H9           0   834.900     7.240     0.000     0.000     0.000
MP3J               0   430.100     5.833     0.000     0.000     0.000
C3H6CHO-2           0   464.200     5.009     0.000     0.000     0.000
C3H6CHO-1           0   464.200     5.009     0.000     0.000     0.000
S-C3H5CO           0   464.200     5.009     0.000     0.000     0.000
MBMO               0   464.153     6.041     0.000     0.000     0.000
MBMDO              0   585.588     5.926     0.000     0.000     0.000
MB4O               0   464.153     6.041     0.000     0.000     0.000
MB4DO              0   585.588     5.926     0.000     0.000     0.000
MB2OO              0   633.904     6.199     0.000     0.000     0.000
MB3OO              0   523.600     5.960     0.000     0.000     0.000
MB4OO              0   523.600     5.960     0.000     0.000     0.000
MBMOO              0   523.600     5.960     0.000     0.000     0.000
MB2OOH4J           0   635.008     7.159     0.000     0.000     0.000
MB3OOH2J           0   635.008     7.159     0.000     0.000     0.000
MB3OOHMJ           0   635.008     7.159     0.000     0.000     0.000
MB4OOH3J           0   635.008     7.159     0.000     0.000     0.000
MB4OOHMJ           0   633.904     6.199     0.000     0.000     0.000
MB4OOH2J           0   635.008     7.159     0.000     0.000     0.000
MBMOOH3J           0   635.008     7.159     0.000     0.000     0.000
MBMOOH2J           0   635.008     7.159     0.000     0.000     0.000
MBMOOH4J           0   633.904     6.199     0.000     0.000     0.000
MB3D               0   428.728     5.766     0.000     0.000     0.000
MB2OOH             0   637.844     7.183     0.000     0.000     0.000
MB3OOH             0   637.844     7.183     0.000     0.000     0.000
MB4OOH             0   637.844     7.183     0.000     0.000     0.000
MBMOOH             0   637.844     7.183     0.000     0.000     0.000
MBCY3O2            0   585.588     5.926     0.000     0.000     0.000
MBCY4O3            0   585.588     5.926     0.000     0.000     0.000
MBCY4O2            0   585.588     5.926     0.000     0.000     0.000
MBCY2OM            0   585.588     5.926     0.000     0.000     0.000
MBCY3OM            0   585.588     5.926     0.000     0.000     0.000
MMCYMOO1           0   505.266     5.448     0.000     0.000     0.000
N-C3H7COOO           0   546.562     5.698     0.000     0.000     0.000
N-C3H7COOOH           0   549.655     5.716     0.000     0.000     0.000
MP3DO2D            0   537.205     5.642     0.000     0.000     0.000
C2H5COCO           0   454.000     5.413     0.000     0.000     0.000
CHOCO2J            0   436.000     3.970     0.000     0.000     0.000
CH3COCH2CO           0   496.000     5.200     0.000     0.000     0.000
ME2JDO             0   399.449     5.532     0.000     0.000     0.000
COCO               0   383.705     4.659     0.000     0.000     0.000
MPMDO2D            0   537.205     5.642     0.000     0.000     0.000
MPMJDO2D           0   534.060     5.623     0.000     0.000     0.000
C2H3CO2            0   440.433     5.039     0.000     0.000     0.000
MBMOOH3O2           0   718.267     6.656     0.000     0.000     0.000
MBMOOH4O2           0   718.267     6.656     0.000     0.000     0.000
MB2OOH4O2           0   721.174     7.899     0.000     0.000     0.000
MB3OOHMO2           0   718.267     6.656     0.000     0.000     0.000
MB4OOH2O2           0   721.174     7.899     0.000     0.000     0.000
MB4OOHMO2           0   718.267     6.656     0.000     0.000     0.000
MBKET42            0   676.324     7.516     0.000     0.000     0.000
MB3MOOH2J           0   718.267     6.656     0.000     0.000     0.000
MBKET3M            0   674.380     6.421     0.000     0.000     0.000
MB3MOOH4J           0   718.267     6.656     0.000     0.000     0.000
MB24OOHMJ           0   718.267     6.656     0.000     0.000     0.000
MBKET24            0   676.324     7.516     0.000     0.000     0.000
MB42OOHMJ           0   718.267     6.656     0.000     0.000     0.000
MBM4OOH2J           0   718.267     6.656     0.000     0.000     0.000
MBKETM4            0   674.380     6.421     0.000     0.000     0.000
MBKET4M            0   674.380     6.421     0.000     0.000     0.000
MB3DMOOH           0   631.116     6.183     0.000     0.000     0.000
MB3D2OOH           0   631.116     6.183     0.000     0.000     0.000
MP2DO3J            0   540.337     5.660     0.000     0.000     0.000
BAOJ3DO            0   540.337     5.660     0.000     0.000     0.000
MPMDO3J            0   540.337     5.660     0.000     0.000     0.000
BAOJ4DO            0   540.337     5.660     0.000     0.000     0.000
MB2OOH3J           0   635.008     7.159     0.000     0.000     0.000
MB2OOHMJ           0   635.008     7.159     0.000     0.000     0.000
MB3OOH4J           0   635.008     7.159     0.000     0.000     0.000
MB3DO              0   585.588     5.926     0.000     0.000     0.000
C2H3OOH            0   399.489     4.767     0.000     0.000     0.000
MMMOOH1J           0   508.539     5.468     0.000     0.000     0.000
MBCY4OM            0   585.588     5.926     0.000     0.000     0.000
MEMOOH2J           0   552.607     5.733     0.000     0.000     0.000
MECY2OM            0   498.811     5.409     0.000     0.000     0.000
CHOOCO             0   395.000     4.037     0.000     0.000     0.000
MBMJDO             0   582.634     5.909     0.000     0.000     0.000
MB4JDO             0   582.634     5.909     0.000     0.000     0.000
MEMDO2J            0   495.492     5.388     0.000     0.000     0.000
ME2DOMJ            0   495.492     5.388     0.000     0.000     0.000
HCOCO              0   387.695     4.686     0.000     0.000     0.000
C2H4CHO            0   387.860     4.687     0.000     0.000     0.000
